EUROPEAN CLIMATE ASSESSMENT & DATASET (ECA&D), file created on 14-08-2020
THESE DATA CAN BE USED FREELY PROVIDED THAT THE FOLLOWING SOURCE IS ACKNOWLEDGED:

Klein Tank, A.M.G. and Coauthors, 2002. Daily dataset of 20th-century surface
air temperature and precipitation series for the European Climate Assessment.
Int. J. of Climatol., 22, 1441-1453.
Data and metadata available at http://www.ecad.eu

FILE FORMAT (MISSING VALUE CODE IS -9999):

01-06 SOUID: Source identifier
08-15 DATE : Date YYYYMMDD
17-21 TG   : mean temperature in 0.1 &#176;C
23-27 Q_TG : Quality code for TG (0='valid'; 1='suspect'; 9='missing')

This is the blended series of station UNITED KINGDOM, CARLISLE (STAID: 2115).
Blended and updated with sources: 156839 903220 
See file sources.txt and stations.txt for more info.

 SOUID,    DATE,   TG, Q_TG
156839,20130101,   55,    0
156839,20130102,   78,    0
156839,20130103,   86,    0
156839,20130104,   99,    0
156839,20130105,  100,    0
156839,20130106,   78,    0
156839,20130107,   84,    0
156839,20130108,   98,    1
156839,20130109,   33,    0
156839,20130110,   22,    0
156839,20130111,   27,    0
156839,20130112,   35,    1
156839,20130113,    1,    0
156839,20130114,   24,    0
156839,20130115,   13,    0
156839,20130116,   -9,    0
156839,20130117,    0,    0
156839,20130118,    6,    0
156839,20130119,   10,    0
156839,20130120,    9,    0
156839,20130121,   12,    0
156839,20130122,   12,    0
156839,20130123,    6,    0
156839,20130124,   24,    0
156839,20130125,   14,    0
156839,20130126,   48,    0
156839,20130127,   46,    0
156839,20130128,   70,    0
156839,20130129,   85,    1
156839,20130130,   71,    0
156839,20130131,   65,    0
156839,20130201,   63,    0
156839,20130202,   31,    0
156839,20130203,   46,    0
156839,20130204,   54,    0
156839,20130205,   27,    0
156839,20130206,   34,    0
156839,20130207,   12,    0
156839,20130208,   39,    0
156839,20130209,   33,    0
156839,20130210,   31,    0
156839,20130211,   35,    0
156839,20130212,   23,    0
156839,20130213,   33,    0
156839,20130214,   40,    0
156839,20130215,   66,    0
156839,20130216,   55,    0
156839,20130217,   67,    0
156839,20130218,   41,    0
156839,20130219,   27,    0
156839,20130220,   22,    0
156839,20130221,   16,    0
156839,20130222,   16,    0
156839,20130223,   28,    0
156839,20130224,   24,    0
156839,20130225,   38,    0
156839,20130226,   44,    0
156839,20130227,   35,    0
156839,20130228,   40,    0
156839,20130301,   45,    0
156839,20130302,   37,    0
156839,20130303,   43,    0
156839,20130304,   43,    0
156839,20130305,   42,    0
156839,20130306,   32,    0
156839,20130307,   56,    1
156839,20130308,   53,    1
156839,20130309,   29,    0
156839,20130310,   28,    1
156839,20130311,  -22,    0
156839,20130312,    4,    0
156839,20130313,   24,    0
156839,20130314,    3,    0
156839,20130315,   39,    0
156839,20130316,   32,    0
156839,20130317,   37,    0
156839,20130318,   28,    0
156839,20130319,   26,    0
156839,20130320,   32,    0
156839,20130321,   16,    0
156839,20130322,   16,    1
156839,20130323,   11,    0
156839,20130324,   19,    0
156839,20130325,   22,    0
156839,20130326,   14,    0
156839,20130327,   11,    0
156839,20130328,   21,    0
156839,20130329,   16,    0
156839,20130330,   14,    0
156839,20130331,    7,    0
156839,20130401,   21,    0
156839,20130402,   26,    0
156839,20130403,   26,    0
156839,20130404,   22,    0
156839,20130405,   36,    0
156839,20130406,   30,    0
156839,20130407,   52,    0
156839,20130408,   41,    0
156839,20130409,   31,    0
156839,20130410,   59,    0
156839,20130411,   60,    0
156839,20130412,   71,    0
156839,20130413,   91,    0
156839,20130414,  113,    0
156839,20130415,  119,    0
156839,20130416,  113,    0
156839,20130417,  101,    0
156839,20130418,   94,    0
156839,20130419,   91,    0
156839,20130420,   85,    0
156839,20130421,   84,    0
156839,20130422,   86,    0
156839,20130423,  101,    0
156839,20130424,  111,    0
156839,20130425,   86,    0
156839,20130426,   64,    0
156839,20130427,   61,    0
156839,20130428,   77,    0
156839,20130429,   86,    0
156839,20130430,   80,    0
156839,20130501,   80,    0
156839,20130502,   73,    0
156839,20130503,  110,    0
156839,20130504,   97,    0
156839,20130505,  115,    0
156839,20130506,  117,    0
156839,20130507,  133,    0
156839,20130508,  121,    1
156839,20130509,   97,    0
156839,20130510,  103,    0
156839,20130511,   94,    0
156839,20130512,   92,    0
156839,20130513,   78,    0
156839,20130514,   81,    0
156839,20130515,   78,    0
156839,20130516,   86,    0
156839,20130517,   98,    0
156839,20130518,   98,    0
156839,20130519,  116,    0
156839,20130520,  144,    0
156839,20130521,  144,    0
156839,20130522,  119,    0
156839,20130523,   76,    0
156839,20130524,   92,    0
156839,20130525,   84,    0
156839,20130526,   99,    0
156839,20130527,   98,    0
156839,20130528,  115,    0
156839,20130529,  105,    0
156839,20130530,  145,    0
156839,20130531,  131,    0
156839,20130601,  108,    0
156839,20130602,  104,    0
156839,20130603,  124,    0
156839,20130604,  149,    0
156839,20130605,  145,    0
156839,20130606,  157,    0
156839,20130607,  161,    0
156839,20130608,  151,    0
156839,20130609,  151,    0
156839,20130610,  136,    0
156839,20130611,  125,    0
156839,20130612,  147,    0
156839,20130613,  143,    0
156839,20130614,  136,    0
156839,20130615,  119,    0
156839,20130616,  143,    0
156839,20130617,  141,    0
156839,20130618,  174,    0
156839,20130619,  143,    0
156839,20130620,  153,    0
156839,20130621,  155,    0
156839,20130622,  134,    0
156839,20130623,  145,    0
156839,20130624,  132,    0
156839,20130625,  124,    0
156839,20130626,  157,    1
156839,20130627,  119,    0
156839,20130628,  148,    0
156839,20130629,  127,    0
156839,20130630,  155,    1
156839,20130701,  130,    0
156839,20130702,  134,    0
156839,20130703,  154,    0
156839,20130704,  164,    0
156839,20130705,  155,    0
156839,20130706,  147,    0
156839,20130707,  181,    0
156839,20130708,  205,    0
156839,20130709,  200,    0
156839,20130710,  183,    0
156839,20130711,  189,    0
156839,20130712,  197,    0
156839,20130713,  195,    0
156839,20130714,  168,    0
156839,20130715,  157,    0
156839,20130716,  196,    0
156839,20130717,  188,    0
156839,20130718,  200,    0
156839,20130719,  215,    0
156839,20130720,  190,    0
156839,20130721,  188,    0
156839,20130722,  209,    0
156839,20130723,  199,    0
156839,20130724,  186,    0
156839,20130725,  197,    0
156839,20130726,  189,    0
156839,20130727,  179,    0
156839,20130728,  174,    0
156839,20130729,  177,    0
156839,20130730,  167,    0
156839,20130731,  157,    0
156839,20130801,  191,    0
156839,20130802,  198,    1
156839,20130803,  165,    0
156839,20130804,  176,    0
156839,20130805,  163,    0
156839,20130806,  139,    0
156839,20130807,  151,    0
156839,20130808,  162,    0
156839,20130809,  163,    0
156839,20130810,  153,    0
156839,20130811,  151,    0
156839,20130812,  152,    0
156839,20130813,  136,    0
156839,20130814,  168,    0
156839,20130815,  179,    0
156839,20130816,  158,    0
156839,20130817,  161,    0
156839,20130818,  138,    0
156839,20130819,  139,    0
156839,20130820,  160,    0
156839,20130821,  171,    0
156839,20130822,  190,    0
156839,20130823,  184,    0
156839,20130824,  168,    0
156839,20130825,  173,    0
156839,20130826,  173,    0
156839,20130827,  156,    0
156839,20130828,  151,    0
156839,20130829,  148,    0
156839,20130830,  168,    0
156839,20130831,  132,    0
156839,20130901,  140,    0
156839,20130902,  167,    0
156839,20130903,  185,    0
156839,20130904,  140,    0
156839,20130905,  149,    1
156839,20130906,  113,    0
156839,20130907,  119,    0
156839,20130908,  119,    0
156839,20130909,  118,    0
156839,20130910,  133,    0
156839,20130911,  119,    0
156839,20130912,  157,    1
156839,20130913,  114,    0
156839,20130914,  122,    0
156839,20130915,  120,    0
156839,20130916,   96,    0
156839,20130917,   98,    0
156839,20130918,  101,    0
156839,20130919,  111,    0
156839,20130920,  119,    0
156839,20130921,  125,    0
156839,20130922,  163,    0
156839,20130923,  137,    0
156839,20130924,  156,    0
156839,20130925,  150,    0
156839,20130926,  125,    0
156839,20130927,  154,    0
156839,20130928,  141,    0
156839,20130929,  130,    0
156839,20130930,  132,    0
156839,20131001,  124,    0
156839,20131002,  148,    0
156839,20131003,  168,    0
156839,20131004,  162,    0
156839,20131005,  141,    0
156839,20131006,  141,    0
156839,20131007,  160,    1
156839,20131008,  150,    1
156839,20131009,  110,    0
156839,20131010,   77,    0
156839,20131011,   99,    0
156839,20131012,  109,    0
156839,20131013,  111,    0
156839,20131014,  103,    0
156839,20131015,  105,    0
156839,20131016,   86,    0
156839,20131017,  114,    0
156839,20131018,  102,    0
156839,20131019,  136,    0
156839,20131020,  132,    0
156839,20131021,  137,    0
156839,20131022,  144,    1
156839,20131023,  126,    0
156839,20131024,  107,    0
156839,20131025,  131,    0
156839,20131026,  128,    0
156839,20131027,  109,    0
156839,20131028,  103,    0
156839,20131029,   91,    0
156839,20131030,   84,    0
156839,20131031,   99,    0
156839,20131101,   98,    0
156839,20131102,   56,    0
156839,20131103,   79,    0
156839,20131104,   36,    0
156839,20131105,   33,    0
156839,20131106,   66,    0
156839,20131107,   74,    0
156839,20131108,   81,    0
156839,20131109,   41,    0
156839,20131110,   36,    0
156839,20131111,   62,    0
156839,20131112,   84,    0
156839,20131113,   78,    0
156839,20131114,   76,    0
156839,20131115,   62,    0
156839,20131116,   81,    0
156839,20131117,   59,    0
156839,20131118,   48,    0
156839,20131119,   32,    0
156839,20131120,   32,    0
156839,20131121,   44,    0
156839,20131122,   32,    1
156839,20131123,   -1,    0
156839,20131124,   25,    0
156839,20131125,    3,    0
156839,20131126,   38,    0
156839,20131127,   73,    0
156839,20131128,   78,    1
156839,20131129,   59,    0
156839,20131130,   43,    0
156839,20131201,   55,    0
156839,20131202,   67,    0
156839,20131203,   82,    0
156839,20131204,   50,    0
156839,20131205,   56,    0
156839,20131206,   40,    0
156839,20131207,   56,    0
156839,20131208,   95,    0
156839,20131209,  107,    0
156839,20131210,   96,    0
156839,20131211,   92,    0
156839,20131212,   89,    0
156839,20131213,  106,    0
156839,20131214,   88,    0
156839,20131215,   92,    1
156839,20131216,   64,    0
156839,20131217,   52,    0
156839,20131218,   68,    0
156839,20131219,   57,    0
156839,20131220,   75,    0
156839,20131221,   88,    1
156839,20131222,   53,    0
156839,20131223,   76,    1
156839,20131224,   58,    0
156839,20131225,   60,    0
156839,20131226,   61,    0
156839,20131227,   57,    0
156839,20131228,   57,    0
156839,20131229,   74,    0
156839,20131230,   74,    0
156839,20131231,   65,    0
156839,20140101,   78,    0
156839,20140102,   72,    0
156839,20140103,   77,    1
156839,20140104,   57,    0
156839,20140105,   59,    0
156839,20140106,   73,    0
156839,20140107,   91,    1
156839,20140108,   81,    1
156839,20140109,   57,    0
156839,20140110,   70,    1
156839,20140111,   27,    0
156839,20140112,   33,    0
156839,20140113,   56,    0
156839,20140114,   56,    0
156839,20140115,   68,    0
156839,20140116,   64,    0
156839,20140117,   63,    0
156839,20140118,   63,    0
156839,20140119,   59,    0
156839,20140120,   50,    0
156839,20140121,   57,    0
156839,20140122,   66,    1
156839,20140123,   51,    0
156839,20140124,   50,    0
156839,20140125,   72,    0
156839,20140126,   55,    0
156839,20140127,   57,    0
156839,20140128,   47,    0
156839,20140129,   52,    1
156839,20140130,   31,    0
156839,20140131,   42,    0
156839,20140201,   51,    0
156839,20140202,   58,    0
156839,20140203,   70,    0
156839,20140204,   52,    0
156839,20140205,   60,    0
156839,20140206,   73,    0
156839,20140207,   42,    0
156839,20140208,   51,    0
156839,20140209,   61,    0
156839,20140210,   44,    0
156839,20140211,   36,    0
156839,20140212,   41,    0
156839,20140213,   51,    0
156839,20140214,   60,    0
156839,20140215,   56,    0
156839,20140216,   54,    0
156839,20140217,   63,    0
156839,20140218,   70,    0
156839,20140219,   87,    0
156839,20140220,   82,    0
156839,20140221,   59,    0
156839,20140222,   84,    0
156839,20140223,   93,    0
156839,20140224,   71,    0
156839,20140225,   70,    0
156839,20140226,   70,    0
156839,20140227,   63,    0
156839,20140228,   42,    0
156839,20140301,   48,    0
156839,20140302,   60,    0
156839,20140303,   56,    0
156839,20140304,   62,    0
156839,20140305,   69,    0
156839,20140306,   99,    1
156839,20140307,   88,    0
156839,20140308,   87,    0
156839,20140309,   98,    0
156839,20140310,   67,    0
156839,20140311,   71,    0
156839,20140312,   65,    0
156839,20140313,   60,    0
156839,20140314,   66,    0
156839,20140315,   79,    0
156839,20140316,   88,    0
156839,20140317,   98,    0
156839,20140318,   93,    0
156839,20140319,   97,    0
156839,20140320,   96,    0
156839,20140321,   73,    0
156839,20140322,   48,    0
156839,20140323,   67,    0
156839,20140324,   46,    0
156839,20140325,   77,    0
156839,20140326,   52,    0
156839,20140327,   63,    0
156839,20140328,   72,    0
156839,20140329,   85,    0
156839,20140330,   88,    0
156839,20140331,   90,    0
156839,20140401,   92,    1
156839,20140402,   73,    0
156839,20140403,   82,    0
156839,20140404,   86,    0
156839,20140405,  106,    0
156839,20140406,  133,    1
156839,20140407,   87,    0
156839,20140408,   82,    0
156839,20140409,   98,    0
156839,20140410,  102,    0
156839,20140411,   68,    0
156839,20140412,  103,    0
156839,20140413,   93,    0
156839,20140414,  106,    0
156839,20140415,   86,    0
156839,20140416,   90,    0
156839,20140417,  106,    0
156839,20140418,   70,    0
156839,20140419,   82,    0
156839,20140420,  100,    0
156839,20140421,  135,    0
156839,20140422,  116,    0
156839,20140423,  124,    0
156839,20140424,  121,    0
156839,20140425,  105,    0
156839,20140426,  124,    1
156839,20140427,   94,    0
156839,20140428,  120,    0
156839,20140429,  118,    0
156839,20140430,  122,    1
156839,20140501,   89,    0
156839,20140502,   94,    0
156839,20140503,   71,    0
156839,20140504,  105,    0
156839,20140505,  116,    0
156839,20140506,  120,    1
156839,20140507,  100,    0
156839,20140508,  112,    0
156839,20140509,  109,    0
156839,20140510,  110,    0
156839,20140511,  118,    0
156839,20140512,  114,    0
156839,20140513,  115,    0
156839,20140514,   99,    0
156839,20140515,  137,    0
156839,20140516,  136,    0
156839,20140517,  144,    0
156839,20140518,  163,    0
156839,20140519,  164,    0
156839,20140520,  136,    0
156839,20140521,  129,    0
156839,20140522,   94,    0
156839,20140523,  103,    0
156839,20140524,  117,    0
156839,20140525,  135,    0
156839,20140526,  141,    0
156839,20140527,  154,    1
156839,20140528,  129,    0
156839,20140529,  115,    0
156839,20140530,  126,    0
156839,20140531,  140,    0
156839,20140601,  143,    0
156839,20140602,  152,    0
156839,20140603,  149,    1
156839,20140604,  115,    0
156839,20140605,  130,    0
156839,20140606,  143,    0
156839,20140607,  149,    0
156839,20140608,  153,    0
156839,20140609,  144,    0
156839,20140610,  158,    0
156839,20140611,  148,    0
156839,20140612,  149,    0
156839,20140613,  168,    0
156839,20140614,  164,    0
156839,20140615,  163,    0
156839,20140616,  154,    0
156839,20140617,  180,    0
156839,20140618,  198,    0
156839,20140619,  177,    0
156839,20140620,  160,    0
156839,20140621,  170,    0
156839,20140622,  170,    0
156839,20140623,  165,    0
156839,20140624,  141,    0
156839,20140625,  142,    0
156839,20140626,  154,    0
156839,20140627,  139,    0
156839,20140628,  138,    0
156839,20140629,  137,    0
156839,20140630,  153,    0
156839,20140701,  173,    0
156839,20140702,  151,    0
156839,20140703,  159,    0
156839,20140704,  167,    0
156839,20140705,  139,    0
156839,20140706,  139,    0
156839,20140707,  154,    0
156839,20140708,  157,    0
156839,20140709,  171,    0
156839,20140710,  161,    0
156839,20140711,  168,    0
156839,20140712,  168,    0
156839,20140713,  181,    0
156839,20140714,  143,    0
156839,20140715,  159,    0
156839,20140716,  150,    0
156839,20140717,  173,    0
156839,20140718,  184,    0
156839,20140719,  192,    0
156839,20140720,  192,    0
156839,20140721,  178,    0
156839,20140722,  190,    0
156839,20140723,  201,    0
156839,20140724,  205,    0
156839,20140725,  206,    0
156839,20140726,  203,    1
156839,20140727,  162,    0
156839,20140728,  179,    0
156839,20140729,  176,    0
156839,20140730,  168,    0
156839,20140731,  170,    0
156839,20140801,  157,    0
156839,20140802,  166,    0
156839,20140803,  156,    0
156839,20140804,  160,    0
156839,20140805,  154,    0
156839,20140806,  175,    0
156839,20140807,  148,    0
156839,20140808,  150,    0
156839,20140809,  149,    0
156839,20140810,  142,    0
156839,20140811,  149,    0
156839,20140812,  145,    0
156839,20140813,  159,    0
156839,20140814,  156,    0
156839,20140815,  151,    0
156839,20140816,  131,    0
156839,20140817,  139,    0
156839,20140818,  148,    0
156839,20140819,  120,    0
156839,20140820,  124,    0
156839,20140821,  128,    0
156839,20140822,  114,    0
156839,20140823,  116,    0
156839,20140824,  111,    0
156839,20140825,  116,    0
156839,20140826,  145,    0
156839,20140827,  127,    0
156839,20140828,  171,    0
156839,20140829,  157,    0
156839,20140830,  165,    0
156839,20140831,  152,    0
156839,20140901,  156,    0
156839,20140902,  154,    0
156839,20140903,  168,    0
156839,20140904,  191,    0
156839,20140905,  152,    0
156839,20140906,  160,    0
156839,20140907,  116,    0
156839,20140908,  110,    0
156839,20140909,  128,    0
156839,20140910,  148,    0
156839,20140911,  158,    0
156839,20140912,  147,    0
156839,20140913,  140,    0
156839,20140914,  135,    0
156839,20140915,  154,    0
156839,20140916,  166,    0
156839,20140917,  159,    0
156839,20140918,  173,    0
156839,20140919,  166,    1
156839,20140920,  152,    0
156839,20140921,  111,    0
156839,20140922,  121,    0
156839,20140923,  122,    0
156839,20140924,  136,    0
156839,20140925,  137,    0
156839,20140926,  158,    0
156839,20140927,  128,    0
156839,20140928,  162,    0
156839,20140929,  164,    0
156839,20140930,  152,    0
156839,20141001,  148,    0
156839,20141002,  104,    0
156839,20141003,  141,    1
156839,20141004,  112,    0
156839,20141005,   98,    0
156839,20141006,  117,    0
156839,20141007,   65,    0
156839,20141008,  102,    0
156839,20141009,  114,    0
156839,20141010,  113,    0
156839,20141011,  104,    0
156839,20141012,  101,    0
156839,20141013,   98,    0
156839,20141014,   98,    0
156839,20141015,  109,    0
156839,20141016,  123,    0
156839,20141017,  147,    0
156839,20141018,  164,    1
156839,20141019,  152,    1
156839,20141020,  121,    1
156839,20141021,   99,    0
156839,20141022,  100,    0
156839,20141023,  131,    1
156839,20141024,  112,    0
156839,20141025,  115,    0
156839,20141026,  137,    0
156839,20141027,  143,    0
156839,20141028,  157,    1
156839,20141029,   68,    0
156839,20141030,  100,    0
156839,20141031,  159,    1
156839,20141101,  125,    0
156839,20141102,  114,    1
156839,20141103,   89,    1
156839,20141104,   41,    0
156839,20141105,   51,    0
156839,20141106,   70,    0
156839,20141107,   95,    0
156839,20141108,   87,    0
156839,20141109,   88,    0
156839,20141110,   75,    0
156839,20141111,   84,    0
156839,20141112,  117,    0
156839,20141113,  112,    0
156839,20141114,  112,    1
156839,20141115,   63,    0
156839,20141116,   63,    0
156839,20141117,   72,    0
156839,20141118,   99,    0
156839,20141119,   94,    0
156839,20141120,   94,    0
156839,20141121,   78,    0
156839,20141122,  102,    1
156839,20141123,   73,    0
156839,20141124,   68,    0
156839,20141125,   68,    0
156839,20141126,   53,    0
156839,20141127,   69,    0
156839,20141128,   74,    0
156839,20141129,   93,    0
156839,20141130,   84,    0
156839,20141201,   59,    0
156839,20141202,   44,    1
156839,20141203,    5,    0
156839,20141204,   12,    0
156839,20141205,   38,    0
156839,20141206,   40,    0
156839,20141207,   36,    0
156839,20141208,   37,    0
156839,20141209,   55,    0
156839,20141210,   52,    1
156839,20141211,   28,    0
156839,20141212,   28,    0
156839,20141213,   28,    0
156839,20141214,   33,    0
156839,20141215,   50,    0
156839,20141216,   71,    0
156839,20141217,   77,    0
156839,20141218,  116,    1
156839,20141219,   65,    0
156839,20141220,   70,    0
156839,20141221,   93,    0
156839,20141222,  103,    1
156839,20141223,   77,    1
156839,20141224,   56,    1
156839,20141225,   47,    0
156839,20141226,   28,    0
156839,20141227,   18,    0
156839,20141228,    7,    0
156839,20141229,    6,    0
156839,20141230,   33,    0
156839,20141231,   70,    0
156839,20150101,  109,    1
156839,20150102,   56,    0
156839,20150103,   49,    0
156839,20150104,   22,    0
156839,20150105,   36,    0
156839,20150106,   84,    0
156839,20150107,   73,    0
156839,20150108,   83,    0
156839,20150109,   94,    1
156839,20150110,   45,    0
156839,20150111,   55,    0
156839,20150112,   61,    1
156839,20150113,   34,    0
156839,20150114,   52,    0
156839,20150115,   48,    1
156839,20150116,   24,    0
156839,20150117,   27,    0
156839,20150118,    8,    0
156839,20150119,    7,    0
156839,20150120,   -3,    0
156839,20150121,    9,    0
156839,20150122,   13,    0
156839,20150123,   33,    0
156839,20150124,   45,    0
156839,20150125,   60,    0
156839,20150126,   60,    0
156839,20150127,   64,    1
156839,20150128,   51,    1
156839,20150129,   10,    0
156839,20150130,   -3,    0
156839,20150131,   26,    0
156839,20150201,   21,    0
156839,20150202,    3,    0
156839,20150203,  -16,    0
156839,20150204,   -9,    0
156839,20150205,   26,    0
156839,20150206,   18,    1
156839,20150207,   -6,    0
156839,20150208,   10,    0
156839,20150209,   22,    0
156839,20150210,   44,    0
156839,20150211,   36,    0
156839,20150212,   43,    0
156839,20150213,   56,    0
156839,20150214,   70,    0
156839,20150215,   70,    0
156839,20150216,   69,    0
156839,20150217,   43,    0
156839,20150218,   84,    0
156839,20150219,   85,    1
156839,20150220,   50,    0
156839,20150221,   38,    0
156839,20150222,   54,    0
156839,20150223,   47,    0
156839,20150224,   47,    0
156839,20150225,   65,    0
156839,20150226,   60,    0
156839,20150227,   55,    0
156839,20150228,   73,    1
156839,20150301,   61,    1
156839,20150302,   34,    0
156839,20150303,   36,    0
156839,20150304,   66,    0
156839,20150305,   73,    0
156839,20150306,   88,    0
156839,20150307,   98,    1
156839,20150308,   89,    0
156839,20150309,   66,    0
156839,20150310,   70,    0
156839,20150311,   64,    0
156839,20150312,   66,    0
156839,20150313,   53,    0
156839,20150314,   45,    0
156839,20150315,   42,    0
156839,20150316,   57,    0
156839,20150317,   56,    0
156839,20150318,   52,    0
156839,20150319,   60,    0
156839,20150320,   73,    0
156839,20150321,   58,    0
156839,20150322,   54,    0
156839,20150323,   68,    0
156839,20150324,   37,    0
156839,20150325,   41,    0
156839,20150326,   61,    0
156839,20150327,   59,    0
156839,20150328,   77,    0
156839,20150329,   72,    0
156839,20150330,   59,    0
156839,20150331,   58,    0
156839,20150401,   46,    0
156839,20150402,   51,    0
156839,20150403,   68,    0
156839,20150404,   97,    0
156839,20150405,   75,    0
156839,20150406,   86,    0
156839,20150407,   91,    0
156839,20150408,   73,    0
156839,20150409,   94,    0
156839,20150410,  103,    1
156839,20150411,   69,    0
156839,20150412,   73,    0
156839,20150413,   62,    0
156839,20150414,  103,    0
156839,20150415,  106,    0
156839,20150416,   72,    0
156839,20150417,   90,    0
156839,20150418,   82,    0
156839,20150419,   71,    0
156839,20150420,   97,    0
156839,20150421,   94,    0
156839,20150422,  115,    0
156839,20150423,  115,    0
156839,20150424,   92,    0
156839,20150425,   92,    0
156839,20150426,   57,    0
156839,20150427,   39,    0
156839,20150428,   51,    0
156839,20150429,   68,    0
156839,20150430,   81,    0
156839,20150501,   52,    0
156839,20150502,   58,    0
156839,20150503,   95,    0
156839,20150504,  110,    0
156839,20150505,  108,    0
156839,20150506,  102,    0
156839,20150507,   78,    0
156839,20150508,   85,    0
156839,20150509,  108,    0
156839,20150510,  119,    0
156839,20150511,  128,    1
156839,20150512,  105,    0
156839,20150513,  110,    0
156839,20150514,   87,    0
156839,20150515,   87,    0
156839,20150516,  101,    0
156839,20150517,   97,    0
156839,20150518,   97,    0
156839,20150519,  101,    0
156839,20150520,  113,    0
156839,20150521,  107,    0
156839,20150522,  139,    0
156839,20150523,  109,    0
156839,20150524,  121,    0
156839,20150525,  125,    0
156839,20150526,  115,    1
156839,20150527,  100,    0
156839,20150528,   95,    0
156839,20150529,  100,    0
156839,20150530,   87,    0
156839,20150531,  101,    0
156839,20150601,   92,    0
156839,20150602,   99,    0
156839,20150603,  120,    0
156839,20150604,  119,    0
156839,20150605,  135,    0
156839,20150606,  118,    0
156839,20150607,  123,    0
156839,20150608,   96,    0
156839,20150609,  121,    0
156839,20150610,  142,    0
156839,20150611,  149,    0
156839,20150612,  161,    0
156839,20150613,  139,    1
156839,20150614,  113,    0
156839,20150615,   99,    0
156839,20150616,  149,    0
156839,20150617,  157,    1
156839,20150618,  119,    0
156839,20150619,  120,    0
156839,20150620,  150,    1
156839,20150621,  130,    0
156839,20150622,  127,    0
156839,20150623,  125,    0
156839,20150624,  141,    0
156839,20150625,  150,    0
156839,20150626,  164,    0
156839,20150627,  159,    0
156839,20150628,  165,    0
156839,20150629,  165,    0
156839,20150630,  211,    0
156839,20150701,  237,    1
156839,20150702,  176,    0
156839,20150703,  171,    0
156839,20150704,  173,    0
156839,20150705,  154,    0
156839,20150706,  137,    0
156839,20150707,  163,    0
156839,20150708,  143,    0
156839,20150709,  126,    0
156839,20150710,  169,    0
156839,20150711,  162,    0
156839,20150712,  161,    0
156839,20150713,  152,    0
156839,20150714,  152,    0
156839,20150715,  138,    0
156839,20150716,  151,    0
156839,20150717,  156,    0
156839,20150718,  146,    0
156839,20150719,  141,    0
156839,20150720,  146,    0
156839,20150721,  158,    0
156839,20150722,  136,    0
156839,20150723,  141,    0
156839,20150724,  134,    0
156839,20150725,  142,    0
156839,20150726,  123,    0
156839,20150727,  132,    0
156839,20150728,  116,    0
156839,20150729,  135,    0
156839,20150730,  135,    0
156839,20150731,  138,    0
156839,20150801,  140,    0
156839,20150802,  155,    0
156839,20150803,  166,    0
156839,20150804,  158,    0
156839,20150805,  171,    0
156839,20150806,  168,    0
156839,20150807,  147,    0
156839,20150808,  139,    0
156839,20150809,  159,    0
156839,20150810,  173,    0
156839,20150811,  147,    0
156839,20150812,  138,    0
156839,20150813,  164,    1
156839,20150814,  138,    0
156839,20150815,  126,    0
156839,20150816,  130,    0
156839,20150817,  145,    0
156839,20150818,  130,    0
156839,20150819,  166,    0
156839,20150820,  178,    0
156839,20150821,  184,    0
156839,20150822,  168,    0
156839,20150823,  203,    1
156839,20150824,  158,    0
156839,20150825,  139,    0
156839,20150826,  158,    0
156839,20150827,  146,    0
156839,20150828,  153,    0
156839,20150829,  163,    0
156839,20150830,  150,    0
156839,20150831,  128,    0
156839,20150901,  137,    0
156839,20150902,  131,    0
156839,20150903,  113,    0
156839,20150904,  128,    0
156839,20150905,  121,    0
156839,20150906,  111,    0
156839,20150907,  121,    0
156839,20150908,  128,    0
156839,20150909,  118,    0
156839,20150910,  155,    0
156839,20150911,  154,    0
156839,20150912,  140,    0
156839,20150913,  141,    0
156839,20150914,  119,    0
156839,20150915,  140,    0
156839,20150916,  111,    0
156839,20150917,  115,    0
156839,20150918,  127,    0
156839,20150919,  122,    0
156839,20150920,  135,    0
156839,20150921,  143,    0
156839,20150922,  113,    0
156839,20150923,  111,    0
156839,20150924,  118,    0
156839,20150925,  121,    0
156839,20150926,  133,    0
156839,20150927,  118,    0
156839,20150928,  122,    0
156839,20150929,  136,    0
156839,20150930,  120,    0
156839,20151001,  114,    0
156839,20151002,   70,    0
156839,20151003,   78,    0
156839,20151004,   87,    0
156839,20151005,  120,    0
156839,20151006,  145,    1
156839,20151007,  130,    0
156839,20151008,   95,    0
156839,20151009,  108,    0
156839,20151010,  138,    0
156839,20151011,  103,    0
156839,20151012,  102,    0
156839,20151013,   96,    0
156839,20151014,   80,    0
156839,20151015,   78,    0
156839,20151016,   69,    0
156839,20151017,   74,    0
156839,20151018,   85,    0
156839,20151019,   84,    0
156839,20151020,   99,    0
156839,20151021,  122,    0
156839,20151022,  124,    0
156839,20151023,  103,    0
156839,20151024,  105,    0
156839,20151025,   86,    0
156839,20151026,  105,    0
156839,20151027,  128,    1
156839,20151028,  122,    0
156839,20151029,  110,    0
156839,20151030,  113,    0
156839,20151031,  118,    0
156839,20151101,  138,    1
156839,20151102,  101,    1
156839,20151103,   73,    0
156839,20151104,   90,    0
156839,20151105,  114,    0
156839,20151106,  125,    1
156839,20151107,  107,    0
156839,20151108,  123,    0
156839,20151109,  122,    0
156839,20151110,  138,    1
156839,20151111,  123,    0
156839,20151112,  114,    1
156839,20151113,   69,    0
156839,20151114,  100,    0
156839,20151115,  112,    1
156839,20151116,   84,    0
156839,20151117,   97,    0
156839,20151118,   89,    0
156839,20151119,   98,    1
156839,20151120,   66,    1
156839,20151121,   22,    0
156839,20151122,   34,    0
156839,20151123,   39,    0
156839,20151124,   59,    0
156839,20151125,   76,    0
156839,20151126,   97,    0
156839,20151127,  101,    1
156839,20151128,   60,    0
156839,20151129,   84,    1
156839,20151130,   40,    0
156839,20151201,   70,    0
156839,20151202,   90,    0
156839,20151203,   65,    0
156839,20151204,   78,    0
156839,20151205,  107,    1
156839,20151206,   82,    0
156839,20151207,   95,    0
156839,20151208,  104,    0
156839,20151209,   89,    1
156839,20151210,   71,    0
156839,20151211,   51,    1
156839,20151212,   46,    0
156839,20151213,   23,    0
156839,20151214,   37,    0
156839,20151215,   87,    0
156839,20151216,  109,    0
156839,20151217,  127,    0
156839,20151218,  134,    0
156839,20151219,  137,    1
156839,20151220,  107,    0
156839,20151221,  101,    0
156839,20151222,   96,    0
156839,20151223,   92,    1
156839,20151224,   82,    1
156839,20151225,   57,    0
156839,20151226,   64,    0
156839,20151227,   90,    0
156839,20151228,   92,    0
156839,20151229,  114,    0
156839,20151230,  110,    1
156839,20151231,   56,    0
156839,20160101,   54,    0
156839,20160102,   58,    0
156839,20160103,   84,    0
156839,20160104,   76,    0
156839,20160105,   75,    0
156839,20160106,   68,    0
156839,20160107,   62,    1
156839,20160108,   21,    0
156839,20160109,   42,    0
156839,20160110,   50,    0
156839,20160111,   44,    0
156839,20160112,   39,    0
156839,20160113,   28,    0
156839,20160114,   19,    0
156839,20160115,   16,    1
156839,20160116,  -21,    0
156839,20160117,   -2,    0
156839,20160118,   18,    0
156839,20160119,   31,    0
156839,20160120,   28,    0
156839,20160121,   44,    0
156839,20160122,   74,    0
156839,20160123,  100,    0
156839,20160124,  116,    0
156839,20160125,  130,    1
156839,20160126,   94,    0
156839,20160127,   94,    0
156839,20160128,   76,    0
156839,20160129,   82,    1
156839,20160130,   40,    0
156839,20160131,   68,    0
156839,20160201,   78,    1
156839,20160202,   66,    0
156839,20160203,   50,    0
156839,20160204,   62,    0
156839,20160205,   93,    1
156839,20160206,   66,    0
156839,20160207,   60,    0
156839,20160208,   64,    0
156839,20160209,   54,    0
156839,20160210,   42,    0
156839,20160211,   30,    0
156839,20160212,   28,    0
156839,20160213,   32,    0
156839,20160214,   17,    0
156839,20160215,   14,    0
156839,20160216,   30,    0
156839,20160217,   38,    0
156839,20160218,   15,    0
156839,20160219,   38,    0
156839,20160220,   53,    0
156839,20160221,   68,    0
156839,20160222,   55,    0
156839,20160223,   30,    0
156839,20160224,   14,    0
156839,20160225,   -2,    0
156839,20160226,   26,    0
156839,20160227,   15,    0
156839,20160228,   22,    0
156839,20160229,   46,    0
156839,20160301,   72,    1
156839,20160302,   40,    0
156839,20160303,   38,    0
156839,20160304,   45,    0
156839,20160305,   41,    0
156839,20160306,   29,    0
156839,20160307,   25,    0
156839,20160308,   36,    0
156839,20160309,   54,    0
156839,20160310,   46,    0
156839,20160311,   44,    0
156839,20160312,   82,    0
156839,20160313,  100,    0
156839,20160314,   77,    0
156839,20160315,   62,    0
156839,20160316,   68,    0
156839,20160317,   57,    0
156839,20160318,   55,    0
156839,20160319,   69,    0
156839,20160320,   76,    0
156839,20160321,   74,    0
156839,20160322,   81,    1
156839,20160323,   72,    0
156839,20160324,   76,    0
156839,20160325,   78,    0
156839,20160326,  100,    1
156839,20160327,   80,    0
156839,20160328,   67,    0
156839,20160329,   61,    0
156839,20160330,   50,    0
156839,20160331,   53,    0
156839,20160401,   62,    0
156839,20160402,   86,    0
156839,20160403,   87,    0
156839,20160404,   95,    0
156839,20160405,   98,    1
156839,20160406,   72,    0
156839,20160407,   94,    0
156839,20160408,   82,    0
156839,20160409,   70,    0
156839,20160410,   70,    0
156839,20160411,   86,    0
156839,20160412,   78,    0
156839,20160413,   88,    0
156839,20160414,   82,    0
156839,20160415,   68,    0
156839,20160416,   39,    0
156839,20160417,   38,    0
156839,20160418,   86,    0
156839,20160419,   82,    0
156839,20160420,   81,    0
156839,20160421,  108,    0
156839,20160422,   78,    0
156839,20160423,   52,    0
156839,20160424,   69,    0
156839,20160425,   64,    0
156839,20160426,   54,    0
156839,20160427,   36,    0
156839,20160428,   23,    0
156839,20160429,   50,    0
156839,20160430,   55,    0
156839,20160501,   90,    0
156839,20160502,  112,    0
156839,20160503,   85,    0
156839,20160504,  104,    0
156839,20160505,   96,    0
156839,20160506,  131,    0
156839,20160507,  122,    0
156839,20160508,  172,    0
156839,20160509,  162,    0
156839,20160510,  154,    0
156839,20160511,  160,    0
156839,20160512,  162,    1
156839,20160513,   83,    0
156839,20160514,   64,    0
156839,20160515,   99,    0
156839,20160516,   91,    0
156839,20160517,  117,    0
156839,20160518,  139,    0
156839,20160519,  124,    0
156839,20160520,  128,    0
156839,20160521,  136,    0
156839,20160522,  134,    0
156839,20160523,  117,    0
156839,20160524,  111,    0
156839,20160525,  104,    0
156839,20160526,  110,    0
156839,20160527,  130,    0
156839,20160528,  131,    0
156839,20160529,  132,    0
156839,20160530,  134,    0
156839,20160531,  142,    0
156839,20160601,  142,    0
156839,20160602,  116,    0
156839,20160603,  138,    0
156839,20160604,  164,    0
156839,20160605,  160,    0
156839,20160606,  187,    0
156839,20160607,  180,    0
156839,20160608,  186,    0
156839,20160609,  165,    0
156839,20160610,  166,    1
156839,20160611,  129,    0
156839,20160612,  156,    0
156839,20160613,  148,    0
156839,20160614,  150,    0
156839,20160615,  159,    0
156839,20160616,  143,    1
156839,20160617,  127,    0
156839,20160618,  144,    0
156839,20160619,  138,    0
156839,20160620,  157,    0
156839,20160621,  157,    0
156839,20160622,  166,    0
156839,20160623,  147,    0
156839,20160624,  150,    0
156839,20160625,  139,    0
156839,20160626,  132,    0
156839,20160627,  142,    0
156839,20160628,  118,    0
156839,20160629,  124,    0
156839,20160630,  129,    0
156839,20160701,  134,    0
156839,20160702,  113,    0
156839,20160703,  134,    0
156839,20160704,  142,    0
156839,20160705,  146,    0
156839,20160706,  124,    0
156839,20160707,  157,    0
156839,20160708,  156,    0
156839,20160709,  162,    0
156839,20160710,  167,    0
156839,20160711,  156,    0
156839,20160712,  132,    0
156839,20160713,  134,    0
156839,20160714,  141,    0
156839,20160715,  161,    0
156839,20160716,  156,    0
156839,20160717,  166,    0
156839,20160718,  192,    0
156839,20160719,  216,    0
156839,20160720,  198,    0
156839,20160721,  166,    0
156839,20160722,  168,    0
156839,20160723,  167,    0
156839,20160724,  172,    0
156839,20160725,  152,    0
156839,20160726,  151,    0
156839,20160727,  161,    0
156839,20160728,  150,    0
156839,20160729,  176,    0
156839,20160730,  136,    0
156839,20160731,  141,    0
156839,20160801,  148,    0
156839,20160802,  142,    0
156839,20160803,  163,    0
156839,20160804,  166,    0
156839,20160805,  155,    0
156839,20160806,  151,    0
156839,20160807,  170,    0
156839,20160808,  156,    0
156839,20160809,  134,    0
156839,20160810,  110,    0
156839,20160811,  146,    0
156839,20160812,  162,    0
156839,20160813,  162,    0
156839,20160814,  152,    0
156839,20160815,  160,    0
156839,20160816,  176,    0
156839,20160817,  166,    0
156839,20160818,  170,    1
156839,20160819,  146,    0
156839,20160820,  152,    0
156839,20160821,  162,    0
156839,20160822,  172,    0
156839,20160823,  172,    0
156839,20160824,  178,    0
156839,20160825,  158,    0
156839,20160826,  161,    0
156839,20160827,  158,    0
156839,20160828,  158,    0
156839,20160829,  146,    0
156839,20160830,  178,    1
156839,20160831,  163,    0
156839,20160901,  140,    0
156839,20160902,  166,    0
156839,20160903,  150,    0
156839,20160904,  165,    0
156839,20160905,  168,    0
156839,20160906,  190,    0
156839,20160907,  202,    1
156839,20160908,  158,    0
156839,20160909,  157,    0
156839,20160910,  140,    0
156839,20160911,  149,    0
156839,20160912,  179,    0
156839,20160913,  198,    0
156839,20160914,  171,    0
156839,20160915,  184,    1
156839,20160916,  152,    0
156839,20160917,  120,    0
156839,20160918,  124,    0
156839,20160919,  143,    0
156839,20160920,  132,    0
156839,20160921,  127,    0
156839,20160922,  136,    0
156839,20160923,  130,    0
156839,20160924,  158,    1
156839,20160925,  142,    0
156839,20160926,  124,    0
156839,20160927,  140,    0
156839,20160928,  159,    1
156839,20160929,  134,    0
156839,20160930,  118,    0
156839,20161001,  110,    0
156839,20161002,   94,    0
156839,20161003,  106,    0
156839,20161004,  132,    0
156839,20161005,  138,    0
156839,20161006,  113,    0
156839,20161007,  122,    0
156839,20161008,  126,    0
156839,20161009,   99,    0
156839,20161010,   86,    0
156839,20161011,   92,    0
156839,20161012,  106,    0
156839,20161013,  100,    0
156839,20161014,  108,    0
156839,20161015,  121,    0
156839,20161016,  110,    0
156839,20161017,  126,    1
156839,20161018,   84,    0
156839,20161019,   98,    0
156839,20161020,  110,    0
156839,20161021,   94,    0
156839,20161022,   78,    0
156839,20161023,   78,    0
156839,20161024,   68,    0
156839,20161025,   86,    0
156839,20161026,   94,    0
156839,20161027,  120,    0
156839,20161028,  116,    0
156839,20161029,  104,    0
156839,20161030,  124,    0
156839,20161031,   94,    0
156839,20161101,   92,    0
156839,20161102,   54,    0
156839,20161103,   56,    0
156839,20161104,   68,    0
156839,20161105,   52,    0
156839,20161106,   44,    0
156839,20161107,   44,    1
156839,20161108,    8,    0
156839,20161109,   24,    0
156839,20161110,   52,    0
156839,20161111,   38,    0
156839,20161112,   68,    0
156839,20161113,   60,    0
156839,20161114,   80,    0
156839,20161115,  102,    1
156839,20161116,   91,    1
156839,20161117,   55,    1
156839,20161118,   34,    0
156839,20161119,   30,    0
156839,20161120,   12,    0
156839,20161121,    6,    0
156839,20161122,   28,    0
156839,20161123,   29,    0
156839,20161124,   18,    0
156839,20161125,    6,    0
156839,20161126,   13,    0
156839,20161127,   20,    0
156839,20161128,   27,    0
156839,20161129,   26,    0
156839,20161130,   49,    0
156839,20161201,   88,    1
156839,20161202,   44,    0
156839,20161203,   46,    0
156839,20161204,   32,    0
156839,20161205,   18,    0
156839,20161206,   66,    0
156839,20161207,   99,    0
156839,20161208,  121,    0
156839,20161209,  100,    0
156839,20161210,   98,    1
156839,20161211,   84,    1
156839,20161212,   62,    0
156839,20161213,   86,    0
156839,20161214,   93,    0
156839,20161215,   96,    0
156839,20161216,   91,    1
156839,20161217,   46,    0
156839,20161218,   52,    0
156839,20161219,   64,    0
156839,20161220,   55,    0
156839,20161221,   69,    0
156839,20161222,   68,    0
156839,20161223,   88,    0
156839,20161224,   90,    0
156839,20161225,   98,    1
156839,20161226,   48,    0
156839,20161227,   52,    0
156839,20161228,   48,    0
156839,20161229,   61,    0
156839,20161230,   74,    0
156839,20161231,  106,    1
156839,20170101,   36,    0
156839,20170102,   21,    0
156839,20170103,   30,    0
156839,20170104,   53,    0
156839,20170105,   14,    0
156839,20170106,   34,    0
156839,20170107,   72,    0
156839,20170108,   91,    1
156839,20170109,   74,    0
156839,20170110,   80,    1
156839,20170111,   64,    1
156839,20170112,   29,    0
156839,20170113,   20,    0
156839,20170114,   37,    0
156839,20170115,   52,    0
156839,20170116,   92,    1
156839,20170117,   76,    0
156839,20170118,   82,    0
156839,20170119,   76,    1
156839,20170120,   55,    1
156839,20170121,   20,    0
156839,20170122,   14,    0
156839,20170123,   26,    0
156839,20170124,   52,    0
156839,20170125,   81,    1
156839,20170126,   20,    0
156839,20170127,   20,    0
156839,20170128,   19,    0
156839,20170129,   40,    0
156839,20170130,   26,    0
156839,20170131,   38,    0
156839,20170201,   91,    0
156839,20170202,  102,    0
156839,20170203,   87,    1
156839,20170204,   59,    0
156839,20170205,   50,    0
156839,20170206,   38,    0
156839,20170207,   53,    0
156839,20170208,   42,    1
156839,20170209,   30,    0
156839,20170210,   24,    0
156839,20170211,   26,    0
156839,20170212,   36,    0
156839,20170213,   48,    0
156839,20170214,   65,    0
156839,20170215,   81,    0
156839,20170216,   83,    0
156839,20170217,   81,    0
156839,20170218,   83,    0
156839,20170219,   94,    0
156839,20170220,  101,    0
156839,20170221,   85,    1
156839,20170222,   72,    0
156839,20170223,   63,    0
156839,20170224,   53,    0
156839,20170225,   72,    0
156839,20170226,   84,    1
156839,20170227,   56,    0
156839,20170228,   30,    0
156839,20170301,   33,    0
156839,20170302,   45,    0
156839,20170303,   58,    0
156839,20170304,   79,    0
156839,20170305,   74,    0
156839,20170306,   74,    0
156839,20170307,   57,    0
156839,20170308,   83,    0
156839,20170309,   92,    0
156839,20170310,   82,    0
156839,20170311,   92,    0
156839,20170312,   99,    0
156839,20170313,   85,    0
156839,20170314,  103,    0
156839,20170315,   95,    0
156839,20170316,   82,    0
156839,20170317,   73,    0
156839,20170318,   88,    0
156839,20170319,   98,    0
156839,20170320,   85,    1
156839,20170321,   53,    0
156839,20170322,   41,    0
156839,20170323,   58,    0
156839,20170324,   72,    0
156839,20170325,   72,    0
156839,20170326,   91,    0
156839,20170327,   89,    0
156839,20170328,   88,    0
156839,20170329,  104,    0
156839,20170330,  120,    0
156839,20170331,  126,    0
156839,20170401,  103,    0
156839,20170402,   93,    0
156839,20170403,   91,    0
156839,20170404,  102,    0
156839,20170405,   99,    0
156839,20170406,   67,    0
156839,20170407,   90,    0
156839,20170408,   79,    0
156839,20170409,   92,    0
156839,20170410,   99,    0
156839,20170411,   92,    0
156839,20170412,  106,    1
156839,20170413,   75,    0
156839,20170414,   97,    0
156839,20170415,   78,    0
156839,20170416,   67,    0
156839,20170417,   75,    0
156839,20170418,   75,    0
156839,20170419,   87,    0
156839,20170420,  112,    0
156839,20170421,  119,    0
156839,20170422,   83,    0
156839,20170423,   75,    0
156839,20170424,   89,    0
156839,20170425,   40,    0
156839,20170426,   45,    0
156839,20170427,   96,    0
156839,20170428,   74,    0
156839,20170429,  102,    0
156839,20170430,  111,    0
156839,20170501,  118,    0
156839,20170502,  117,    0
156839,20170503,  108,    0
156839,20170504,  112,    0
156839,20170505,  108,    0
156839,20170506,  100,    0
156839,20170507,  102,    0
156839,20170508,  102,    0
156839,20170509,   97,    0
156839,20170510,  102,    0
156839,20170511,  124,    0
156839,20170512,  126,    0
156839,20170513,  127,    0
156839,20170514,  131,    0
156839,20170515,  134,    0
156839,20170516,  144,    0
156839,20170517,  122,    0
156839,20170518,  108,    0
156839,20170519,  111,    0
156839,20170520,  114,    0
156839,20170521,  127,    0
156839,20170522,  162,    0
156839,20170523,  141,    0
156839,20170524,  166,    0
156839,20170525,  192,    0
156839,20170526,  219,    0
156839,20170527,  206,    1
156839,20170528,  162,    1
156839,20170529,  131,    0
156839,20170530,  144,    0
156839,20170531,  128,    0
156839,20170601,  161,    0
156839,20170602,  151,    0
156839,20170603,  126,    0
156839,20170604,  132,    0
156839,20170605,  129,    0
156839,20170606,  121,    0
156839,20170607,  128,    0
156839,20170608,  139,    0
156839,20170609,  149,    0
156839,20170610,  160,    0
156839,20170611,  144,    0
156839,20170612,  142,    0
156839,20170613,  151,    0
156839,20170614,  173,    0
156839,20170615,  141,    0
156839,20170616,  156,    0
156839,20170617,  182,    0
156839,20170618,  171,    0
156839,20170619,  172,    0
156839,20170620,  174,    0
156839,20170621,  192,    0
156839,20170622,  176,    1
156839,20170623,  151,    0
156839,20170624,  143,    0
156839,20170625,  141,    0
156839,20170626,  132,    0
156839,20170627,  121,    0
156839,20170628,  129,    0
156839,20170629,  121,    0
156839,20170630,  139,    0
156839,20170701,  144,    0
156839,20170702,  132,    0
156839,20170703,  156,    1
156839,20170704,  121,    0
156839,20170705,  142,    0
156839,20170706,  175,    0
156839,20170707,  164,    0
156839,20170708,  128,    0
156839,20170709,  142,    0
156839,20170710,  161,    0
156839,20170711,  148,    0
156839,20170712,  138,    0
156839,20170713,  139,    0
156839,20170714,  152,    0
156839,20170715,  166,    0
156839,20170716,  161,    0
156839,20170717,  160,    0
156839,20170718,  184,    0
156839,20170719,  174,    1
156839,20170720,  144,    0
156839,20170721,  153,    0
156839,20170722,  156,    0
156839,20170723,  155,    0
156839,20170724,  171,    0
156839,20170725,  153,    0
156839,20170726,  151,    0
156839,20170727,  140,    0
156839,20170728,  144,    0
156839,20170729,  158,    0
156839,20170730,  153,    0
156839,20170731,  152,    0
156839,20170801,  157,    0
156839,20170802,  164,    0
156839,20170803,  164,    0
156839,20170804,  161,    0
156839,20170805,  148,    0
156839,20170806,  127,    0
156839,20170807,  150,    0
156839,20170808,  151,    0
156839,20170809,  155,    0
156839,20170810,  125,    0
156839,20170811,  146,    0
156839,20170812,  160,    0
156839,20170813,  128,    0
156839,20170814,  152,    0
156839,20170815,  156,    0
156839,20170816,  158,    0
156839,20170817,  171,    1
156839,20170818,  143,    0
156839,20170819,  141,    0
156839,20170820,  143,    0
156839,20170821,  134,    0
156839,20170822,  194,    0
156839,20170823,  179,    0
156839,20170824,  158,    0
156839,20170825,  161,    0
156839,20170826,  156,    0
156839,20170827,  166,    0
156839,20170828,  177,    1
156839,20170829,  136,    0
156839,20170830,  132,    0
156839,20170831,  133,    0
156839,20170901,  125,    0
156839,20170902,  118,    0
156839,20170903,  136,    0
156839,20170904,  169,    1
156839,20170905,  145,    0
156839,20170906,  138,    0
156839,20170907,  135,    0
156839,20170908,  131,    0
156839,20170909,  142,    0
156839,20170910,  128,    0
156839,20170911,  141,    0
156839,20170912,  132,    0
156839,20170913,  118,    0
156839,20170914,  123,    0
156839,20170915,  124,    0
156839,20170916,  107,    0
156839,20170917,  118,    0
156839,20170918,  110,    0
156839,20170919,   98,    0
156839,20170920,  138,    0
156839,20170921,  137,    0
156839,20170922,  112,    0
156839,20170923,  151,    0
156839,20170924,  158,    0
156839,20170925,  153,    0
156839,20170926,  155,    0
156839,20170927,  149,    0
156839,20170928,  162,    0
156839,20170929,  146,    0
156839,20170930,  119,    0
156839,20171001,  110,    0
156839,20171002,  131,    0
156839,20171003,  117,    0
156839,20171004,  126,    0
156839,20171005,  108,    0
156839,20171006,   93,    0
156839,20171007,  118,    0
156839,20171008,  129,    0
156839,20171009,  129,    0
156839,20171010,  132,    0
156839,20171011,  133,    0
156839,20171012,  136,    0
156839,20171013,  147,    0
156839,20171014,  142,    0
156839,20171015,  148,    0
156839,20171016,  165,    1
156839,20171017,  124,    0
156839,20171018,  107,    0
156839,20171019,  128,    0
156839,20171020,  140,    0
156839,20171021,  122,    1
156839,20171022,  111,    0
156839,20171023,  114,    0
156839,20171024,  132,    0
156839,20171025,  119,    0
156839,20171026,  118,    0
156839,20171027,   75,    0
156839,20171028,   92,    0
156839,20171029,   90,    0
156839,20171030,   54,    0
156839,20171031,   70,    0
156839,20171101,  122,    1
156839,20171102,   84,    0
156839,20171103,   56,    0
156839,20171104,   82,    0
156839,20171105,   60,    0
156839,20171106,   48,    0
156839,20171107,   65,    0
156839,20171108,   52,    0
156839,20171109,   57,    0
156839,20171110,   75,    0
156839,20171111,   56,    0
156839,20171112,   50,    0
156839,20171113,   50,    0
156839,20171114,   62,    0
156839,20171115,   65,    0
156839,20171116,   62,    0
156839,20171117,   58,    0
156839,20171118,   60,    0
156839,20171119,   47,    0
156839,20171120,   53,    0
156839,20171121,  120,    0
156839,20171122,  114,    1
156839,20171123,   53,    0
156839,20171124,   36,    0
156839,20171125,   25,    0
156839,20171126,   50,    0
156839,20171127,   38,    0
156839,20171128,   30,    0
156839,20171129,   31,    0
156839,20171130,   11,    0
156839,20171201,   14,    0
156839,20171202,   45,    0
156839,20171203,   59,    0
156839,20171204,   51,    0
156839,20171205,   82,    0
156839,20171206,  102,    1
156839,20171207,   73,    1
156839,20171208,   12,    0
156839,20171209,    3,    0
156839,20171210,  -12,    0
156839,20171211,  -40,    0
156839,20171212,   -2,    0
156839,20171213,   11,    0
156839,20171214,   27,    0
156839,20171215,   24,    0
156839,20171216,   19,    0
156839,20171217,   31,    0
156839,20171218,   35,    0
156839,20171219,   52,    0
156839,20171220,   92,    1
156839,20171221,   72,    0
156839,20171222,   79,    0
156839,20171223,   87,    0
156839,20171224,  103,    1
156839,20171225,   85,    1
156839,20171226,   38,    1
156839,20171227,    4,    0
156839,20171228,   17,    0
156839,20171229,   15,    0
156839,20171230,   62,    0
156839,20171231,   50,    0
156839,20180101,   64,    0
156839,20180102,   62,    0
156839,20180103,   60,    0
156839,20180104,   63,    1
156839,20180105,   16,    0
156839,20180106,   27,    0
156839,20180107,   -1,    0
156839,20180108,   -4,    0
156839,20180109,   13,    0
156839,20180110,   33,    0
156839,20180111,   44,    0
156839,20180112,   52,    0
156839,20180113,   56,    0
156839,20180114,   68,    0
156839,20180115,   60,    1
156839,20180116,   25,    0
156839,20180117,   25,    0
156839,20180118,   25,    0
156839,20180119,   29,    0
156839,20180120,   31,    0
156839,20180121,   19,    0
156839,20180122,   50,    0
156839,20180123,   93,    1
156839,20180124,   83,    0
156839,20180125,   66,    0
156839,20180126,   50,    0
156839,20180127,   66,    0
156839,20180128,   98,    1
156839,20180129,   75,    1
156839,20180130,   54,    1
156839,20180131,   37,    0
156839,20180201,   39,    0
156839,20180202,   53,    1
156839,20180203,   24,    0
156839,20180204,   38,    1
156839,20180205,    6,    0
156839,20180206,    2,    0
156839,20180207,   -6,    0
156839,20180208,   12,    0
156839,20180209,   38,    0
156839,20180210,   48,    1
156839,20180211,   28,    0
156839,20180212,   29,    0
156839,20180213,   35,    0
156839,20180214,   38,    0
156839,20180215,   40,    0
156839,20180216,   55,    0
156839,20180217,   61,    0
156839,20180218,   62,    0
156839,20180219,   80,    0
156839,20180220,   74,    0
156839,20180221,   41,    0
156839,20180222,   29,    0
156839,20180223,   28,    0
156839,20180224,   35,    0
156839,20180225,   32,    0
156839,20180226,   16,    0
156839,20180227,   -2,    1
156839,20180228,  -39,    0
156839,20180301,  -25,    0
156839,20180302,   -9,    0
156839,20180303,    9,    0
156839,20180304,   15,    0
156839,20180305,   42,    0
156839,20180306,   40,    0
156839,20180307,   55,    0
156839,20180308,   45,    0
156839,20180309,   48,    0
156839,20180310,   64,    0
156839,20180311,   80,    1
156839,20180312,   58,    0
156839,20180313,   76,    0
156839,20180314,   62,    0
156839,20180315,   68,    1
156839,20180316,   50,    1
156839,20180317,   11,    0
156839,20180318,    5,    0
156839,20180319,   30,    0
156839,20180320,   39,    0
156839,20180321,   30,    0
156839,20180322,   72,    0
156839,20180323,   76,    0
156839,20180324,   73,    0
156839,20180325,   45,    0
156839,20180326,   47,    0
156839,20180327,   75,    0
156839,20180328,   58,    0
156839,20180329,   42,    0
156839,20180330,   63,    0
156839,20180331,   53,    0
156839,20180401,   42,    0
156839,20180402,   30,    0
156839,20180403,   72,    0
156839,20180404,   58,    0
156839,20180405,   42,    0
156839,20180406,   96,    0
156839,20180407,   73,    0
156839,20180408,   82,    0
156839,20180409,  108,    1
156839,20180410,   75,    0
156839,20180411,   69,    1
156839,20180412,   60,    0
156839,20180413,   77,    0
156839,20180414,  102,    0
156839,20180415,  112,    0
156839,20180416,  116,    0
156839,20180417,  126,    0
156839,20180418,  148,    0
156839,20180419,  137,    0
156839,20180420,  114,    0
156839,20180421,  127,    0
156839,20180422,  122,    1
156839,20180423,  101,    0
156839,20180424,   98,    0
156839,20180425,   94,    0
156839,20180426,   92,    0
156839,20180427,   77,    0
156839,20180428,   70,    0
156839,20180429,   65,    0
156839,20180430,   64,    0
156839,20180501,   60,    0
156839,20180502,  101,    0
156839,20180503,   93,    0
156839,20180504,  126,    0
156839,20180505,  116,    0
156839,20180506,  147,    0
156839,20180507,  141,    0
156839,20180508,  128,    0
156839,20180509,  102,    0
156839,20180510,   98,    0
156839,20180511,  109,    0
156839,20180512,  112,    0
156839,20180513,  116,    0
156839,20180514,  105,    0
156839,20180515,  118,    0
156839,20180516,  118,    0
156839,20180517,   99,    0
156839,20180518,  106,    0
156839,20180519,  118,    0
156839,20180520,  134,    0
156839,20180521,  136,    0
156839,20180522,  129,    0
156839,20180523,  124,    0
156839,20180524,  139,    0
156839,20180525,  138,    0
156839,20180526,  161,    0
156839,20180527,  172,    0
156839,20180528,  177,    0
156839,20180529,  165,    0
156839,20180530,  159,    0
156839,20180531,  184,    0
156839,20180601,  198,    1
156839,20180602,  168,    0
156839,20180603,  157,    0
156839,20180604,  165,    0
156839,20180605,  154,    0
156839,20180606,  132,    0
156839,20180607,  160,    0
156839,20180608,  152,    0
156839,20180609,  171,    0
156839,20180610,  169,    0
156839,20180611,  164,    0
156839,20180612,  156,    0
156839,20180613,  130,    0
156839,20180614,  152,    1
156839,20180615,  127,    0
156839,20180616,  127,    0
156839,20180617,  128,    0
156839,20180618,  144,    0
156839,20180619,  129,    0
156839,20180620,  147,    0
156839,20180621,  134,    0
156839,20180622,  129,    0
156839,20180623,  131,    0
156839,20180624,  140,    0
156839,20180625,  167,    0
156839,20180626,  204,    0
156839,20180627,  212,    0
156839,20180628,  215,    0
156839,20180629,  201,    0
156839,20180630,  181,    0
156839,20180701,  198,    0
156839,20180702,  183,    0
156839,20180703,  173,    0
156839,20180704,  186,    0
156839,20180705,  178,    0
156839,20180706,  168,    0
156839,20180707,  176,    0
156839,20180708,  194,    0
156839,20180709,  189,    0
156839,20180710,  171,    0
156839,20180711,  167,    0
156839,20180712,  188,    0
156839,20180713,  172,    0
156839,20180714,  189,    0
156839,20180715,  178,    0
156839,20180716,  186,    0
156839,20180717,  158,    0
156839,20180718,  146,    0
156839,20180719,  174,    1
156839,20180720,  141,    0
156839,20180721,  170,    0
156839,20180722,  192,    0
156839,20180723,  193,    0
156839,20180724,  191,    0
156839,20180725,  164,    0
156839,20180726,  188,    0
156839,20180727,  206,    1
156839,20180728,  174,    0
156839,20180729,  153,    0
156839,20180730,  171,    0
156839,20180731,  158,    0
156839,20180801,  172,    0
156839,20180802,  186,    0
156839,20180803,  196,    0
156839,20180804,  162,    0
156839,20180805,  173,    0
156839,20180806,  166,    0
156839,20180807,  169,    0
156839,20180808,  153,    0
156839,20180809,  138,    0
156839,20180810,  143,    0
156839,20180811,  143,    0
156839,20180812,  179,    0
156839,20180813,  196,    1
156839,20180814,  169,    0
156839,20180815,  181,    1
156839,20180816,  147,    0
156839,20180817,  148,    0
156839,20180818,  169,    0
156839,20180819,  189,    0
156839,20180820,  166,    0
156839,20180821,  179,    1
156839,20180822,  168,    1
156839,20180823,  126,    0
156839,20180824,  125,    0
156839,20180825,  123,    0
156839,20180826,  128,    0
156839,20180827,  136,    0
156839,20180828,  152,    0
156839,20180829,  154,    0
156839,20180830,  108,    0
156839,20180831,  138,    0
156839,20180901,  154,    0
156839,20180902,  180,    1
156839,20180903,  134,    0
156839,20180904,  136,    0
156839,20180905,  119,    0
156839,20180906,  113,    0
156839,20180907,  108,    0
156839,20180908,  137,    0
156839,20180909,  149,    0
156839,20180910,  138,    0
156839,20180911,  136,    0
156839,20180912,  129,    0
156839,20180913,  124,    0
156839,20180914,  138,    0
156839,20180915,  117,    0
156839,20180916,  139,    0
156839,20180917,  151,    0
156839,20180918,  162,    0
156839,20180919,  157,    1
156839,20180920,  112,    0
156839,20180921,  102,    0
156839,20180922,  110,    0
156839,20180923,   84,    0
156839,20180924,   82,    0
156839,20180925,  113,    0
156839,20180926,  148,    0
156839,20180927,  158,    1
156839,20180928,   77,    0
156839,20180929,   89,    0
156839,20180930,  113,    0
156839,20181001,   66,    0
156839,20181002,  102,    0
156839,20181003,  126,    0
156839,20181004,  140,    1
156839,20181005,  101,    0
156839,20181006,   91,    0
156839,20181007,   76,    0
156839,20181008,  129,    0
156839,20181009,  153,    0
156839,20181010,  160,    0
156839,20181011,  154,    0
156839,20181012,  128,    0
156839,20181013,  151,    1
156839,20181014,  112,    0
156839,20181015,   77,    0
156839,20181016,  107,    0
156839,20181017,  119,    0
156839,20181018,   69,    0
156839,20181019,   82,    0
156839,20181020,  117,    0
156839,20181021,  138,    1
156839,20181022,   87,    0
156839,20181023,  113,    0
156839,20181024,  118,    0
156839,20181025,  118,    1
156839,20181026,   77,    1
156839,20181027,   40,    0
156839,20181028,   48,    0
156839,20181029,   28,    0
156839,20181030,   41,    0
156839,20181031,   45,    0
156839,20181101,   72,    0
156839,20181102,   62,    0
156839,20181103,   87,    0
156839,20181104,  127,    1
156839,20181105,  108,    0
156839,20181106,  113,    0
156839,20181107,  130,    1
156839,20181108,   89,    0
156839,20181109,  101,    0
156839,20181110,  101,    0
156839,20181111,   88,    0
156839,20181112,   91,    0
156839,20181113,  108,    0
156839,20181114,  122,    0
156839,20181115,  118,    0
156839,20181116,  122,    1
156839,20181117,   77,    0
156839,20181118,   80,    0
156839,20181119,   75,    1
156839,20181120,   60,    0
156839,20181121,   55,    0
156839,20181122,   30,    0
156839,20181123,   43,    0
156839,20181124,   60,    0
156839,20181125,   37,    0
156839,20181126,   32,    0
156839,20181127,   48,    0
156839,20181128,   96,    0
156839,20181129,  112,    1
156839,20181130,   79,    1
156839,20181201,   60,    0
156839,20181202,   91,    1
156839,20181203,   58,    1
156839,20181204,   -1,    0
156839,20181205,   45,    0
156839,20181206,   77,    0
156839,20181207,   85,    0
156839,20181208,   78,    1
156839,20181209,   46,    0
156839,20181210,   39,    0
156839,20181211,   52,    0
156839,20181212,   70,    1
156839,20181213,   44,    1
156839,20181214,   20,    0
156839,20181215,   45,    0
156839,20181216,   55,    0
156839,20181217,   72,    0
156839,20181218,   71,    0
156839,20181219,   68,    0
156839,20181220,   67,    0
156839,20181221,   68,    0
156839,20181222,   70,    1
156839,20181223,   56,    0
156839,20181224,   25,    0
156839,20181225,   39,    0
156839,20181226,   66,    0
156839,20181227,   92,    0
156839,20181228,  102,    0
156839,20181229,   84,    0
156839,20181230,   85,    0
156839,20181231,   97,    0
903220,20190101,   71,    0
903220,20190102,    6,    0
903220,20190103,    7,    0
903220,20190104,   43,    0
903220,20190105,   45,    0
903220,20190106,   61,    0
903220,20190107,   97,    0
903220,20190108,   64,    0
903220,20190109,   18,    0
903220,20190110,   37,    0
903220,20190111,   65,    0
903220,20190112,   87,    0
903220,20190113,   96,    0
903220,20190114,   70,    0
903220,20190115,   82,    0
903220,20190116,   83,    0
903220,20190117,   15,    0
903220,20190118,   10,    0
903220,20190119,   37,    0
903220,20190120,   37,    0
903220,20190121,    4,    0
903220,20190122,   30,    0
903220,20190123,  -23,    0
903220,20190124,   10,    0
903220,20190125,   67,    0
903220,20190126,   93,    0
903220,20190127,   40,    0
903220,20190128,   19,    0
903220,20190129,   28,    0
903220,20190130,   -5,    0
903220,20190131,   -4,    0
903220,20190201,    5,    0
903220,20190202,    2,    0
903220,20190203,    1,    0
903220,20190204,   66,    0
903220,20190205,   24,    0
903220,20190206,   72,    0
903220,20190207,   60,    0
903220,20190208,   81,    0
903220,20190209,   67,    0
903220,20190210,   53,    0
903220,20190211,   43,    0
903220,20190212,   67,    0
903220,20190213,   97,    0
903220,20190214,  105,    0
903220,20190215,   70,    0
903220,20190216,  103,    0
903220,20190217,  103,    0
903220,20190218,   90,    0
903220,20190219,   76,    0
903220,20190220,   92,    0
903220,20190221,  109,    0
903220,20190222,  112,    0
903220,20190223,  133,    0
903220,20190224,  119,    0
903220,20190225,   91,    0
903220,20190226,   86,    0
903220,20190227,   68,    0
903220,20190228,   60,    0
903220,20190301,   79,    0
903220,20190302,   89,    0
903220,20190303,   85,    0
903220,20190304,   48,    0
903220,20190305,   63,    0
903220,20190306,   90,    0
903220,20190307,   71,    0
903220,20190308,   36,    0
903220,20190309,   63,    0
903220,20190310,   40,    0
903220,20190311,   44,    0
903220,20190312,   68,    0
903220,20190313,   71,    0
903220,20190314,   88,    0
903220,20190315,   76,    0
903220,20190316,   66,    0
903220,20190317,   59,    0
903220,20190318,   51,    0
903220,20190319,   86,    0
903220,20190320,  105,    0
903220,20190321,  113,    0
903220,20190322,  100,    0
903220,20190323,   67,    0
903220,20190324,   73,    0
903220,20190325,   69,    0
903220,20190326,   76,    0
903220,20190327,   98,    0
903220,20190328,   98,    0
903220,20190329,   60,    0
903220,20190330,   73,    0
903220,20190331,   61,    0
903220,20190401,   48,    0
903220,20190402,   61,    0
903220,20190403,   43,    0
903220,20190404,-9999,    9
903220,20190405,   96,    0
903220,20190406,   65,    0
903220,20190407,  100,    0
903220,20190408,   91,    0
903220,20190409,   81,    0
903220,20190410,   53,    0
903220,20190411,   58,    0
903220,20190412,   61,    0
903220,20190413,   51,    0
903220,20190414,   50,    0
903220,20190415,   78,    0
903220,20190416,   95,    0
903220,20190417,  119,    0
903220,20190418,  124,    0
903220,20190419,  148,    0
903220,20190420,  152,    0
903220,20190421,  132,    0
903220,20190422,  141,    0
903220,20190423,  125,    0
903220,20190424,  109,    0
903220,20190425,  114,    0
903220,20190426,  105,    0
903220,20190427,  100,    0
903220,20190428,  100,    0
903220,20190429,  104,    0
903220,20190430,  103,    0
903220,20190501,  111,    0
903220,20190502,  105,    0
903220,20190503,   81,    0
903220,20190504,   56,    0
903220,20190505,   71,    0
903220,20190506,   76,    0
903220,20190507,   72,    0
903220,20190508,   73,    0
903220,20190509,   84,    0
903220,20190510,   63,    0
903220,20190511,   97,    0
903220,20190512,   86,    0
903220,20190513,  102,    0
903220,20190514,  132,    0
903220,20190515,  144,    0
903220,20190516,  134,    0
903220,20190517,  143,    0
903220,20190518,  125,    0
903220,20190519,  124,    0
903220,20190520,  132,    0
903220,20190521,  121,    0
903220,20190522,  107,    0
903220,20190523,  114,    0
903220,20190524,  127,    0
903220,20190525,  104,    0
903220,20190526,  145,    0
903220,20190527,  123,    0
903220,20190528,  103,    0
903220,20190529,   90,    0
903220,20190530,  133,    0
903220,20190531,  146,    0
903220,20190601,  133,    0
903220,20190602,  160,    0
903220,20190603,  135,    0
903220,20190604,  131,    0
903220,20190605,  123,    0
903220,20190606,  131,    0
903220,20190607,  128,    0
903220,20190608,  121,    0
903220,20190609,  125,    0
903220,20190610,  117,    0
903220,20190611,  102,    0
903220,20190612,  111,    0
903220,20190613,  100,    0
903220,20190614,  126,    0
903220,20190615,  142,    0
903220,20190616,  124,    0
903220,20190617,  152,    0
903220,20190618,  150,    0
903220,20190619,  148,    0
903220,20190620,  129,    0
903220,20190621,  132,    0
903220,20190622,  133,    0
903220,20190623,  169,    0
903220,20190624,  165,    0
903220,20190625,  156,    0
903220,20190626,  156,    0
903220,20190627,  165,    0
903220,20190628,  185,    0
903220,20190629,  198,    0
903220,20190630,  160,    0
903220,20190701,  161,    0
903220,20190702,  149,    0
903220,20190703,  128,    0
903220,20190704,  140,    0
903220,20190705,  159,    0
903220,20190706,  163,    0
903220,20190707,  150,    0
903220,20190708,  136,    0
903220,20190709,  149,    0
903220,20190710,  181,    0
903220,20190711,  175,    0
903220,20190712,  181,    0
903220,20190713,  179,    0
903220,20190714,  176,    0
903220,20190715,  172,    0
903220,20190716,  170,    0
903220,20190717,  170,    0
903220,20190718,  154,    0
903220,20190719,  166,    0
903220,20190720,  180,    0
903220,20190721,  167,    0
903220,20190722,  192,    0
903220,20190723,  207,    0
903220,20190724,  210,    0
903220,20190725,  238,    0
903220,20190726,  200,    0
903220,20190727,  160,    0
903220,20190728,  195,    0
903220,20190729,  186,    0
903220,20190730,  169,    0
903220,20190731,  188,    0
903220,20190801,  188,    0
903220,20190802,  173,    0
903220,20190803,  187,    0
903220,20190804,  202,    0
903220,20190805,  173,    0
903220,20190806,  170,    0
903220,20190807,  160,    0
903220,20190808,  172,    0
903220,20190809,-9999,    9
903220,20190810,  165,    0
903220,20190811,  145,    0
903220,20190812,  130,    0
903220,20190813,  119,    0
903220,20190814,  145,    0
903220,20190815,  164,    0
903220,20190816,  161,    0
903220,20190817,  160,    0
903220,20190818,  150,    0
903220,20190819,  148,    0
903220,20190820,  143,    0
903220,20190821,  153,    0
903220,20190822,  158,    0
903220,20190823,  188,    0
903220,20190824,  196,    0
903220,20190825,  217,    0
903220,20190826,  180,    0
903220,20190827,  182,    0
903220,20190828,  160,    0
903220,20190829,  153,    0
903220,20190830,  170,    0
903220,20190831,  171,    0
903220,20190901,  132,    0
903220,20190902,  124,    0
903220,20190903,  159,    0
903220,20190904,  132,    0
903220,20190905,  126,    0
903220,20190906,  143,    0
903220,20190907,  121,    0
903220,20190908,  103,    0
903220,20190909,  139,    0
903220,20190910,  127,    0
903220,20190911,  147,    0
903220,20190912,  151,    0
903220,20190913,  123,    0
903220,20190914,  126,    0
903220,20190915,  138,    0
903220,20190916,  105,    0
903220,20190917,  130,    0
903220,20190918,  111,    0
903220,20190919,  129,    0
903220,20190920,  149,    0
903220,20190921,  164,    0
903220,20190922,  155,    0
903220,20190923,  158,    0
903220,20190924,  166,    0
903220,20190925,  155,    0
903220,20190926,  147,    0
903220,20190927,  128,    0
903220,20190928,  132,    0
903220,20190929,  119,    0
903220,20190930,  115,    0
903220,20191001,  101,    0
903220,20191002,   77,    0
903220,20191003,   63,    0
903220,20191004,  112,    0
903220,20191005,  122,    0
903220,20191006,  112,    0
903220,20191007,  131,    0
903220,20191008,-9999,    9
903220,20191009,  116,    0
903220,20191010,  123,    0
903220,20191011,  132,    0
903220,20191012,  108,    0
903220,20191013,   96,    0
903220,20191014,  108,    0
903220,20191015,  108,    0
903220,20191016,-9999,    9
903220,20191017,  106,    0
903220,20191018,  110,    0
903220,20191019,   58,    0
903220,20191020,   76,    0
903220,20191021,   87,    0
903220,20191022,   95,    0
903220,20191023,  120,    0
903220,20191024,  116,    0
903220,20191025,   50,    0
903220,20191026,   68,    0
903220,20191027,   85,    0
903220,20191028,   35,    0
903220,20191029,   48,    0
903220,20191030,   53,    0
903220,20191031,   65,    0
903220,20191101,   99,    0
903220,20191102,  114,    0
903220,20191103,   83,    0
903220,20191104,   92,    0
903220,20191105,   93,    0
903220,20191106,   32,    0
903220,20191107,   64,    0
903220,20191108,   48,    0
903220,20191109,   26,    0
903220,20191110,   34,    0
903220,20191111,   58,    0
903220,20191112,   61,    0
903220,20191113,   21,    0
903220,20191114,   27,    0
903220,20191115,   63,    0
903220,20191116,   61,    0
903220,20191117,   61,    0
903220,20191118,   -4,    0
903220,20191119,    3,    0
903220,20191120,   61,    0
903220,20191121,   53,    0
903220,20191122,   61,    0
903220,20191123,   81,    0
903220,20191124,   90,    0
903220,20191125,   82,    0
903220,20191126,   93,    0
903220,20191127,   61,    0
903220,20191128,   77,    0
903220,20191129,   16,    0
903220,20191130,    6,    0
903220,20191201,   -9,    0
903220,20191202,    0,    0
903220,20191203,   66,    0
903220,20191204,   65,    0
903220,20191205,   83,    0
903220,20191206,  111,    0
903220,20191207,   93,    0
903220,20191208,   79,    0
903220,20191209,   56,    0
903220,20191210,   71,    0
903220,20191211,   60,    0
903220,20191212,   40,    0
903220,20191213,   41,    0
903220,20191214,   53,    0
903220,20191215,   39,    0
903220,20191216,   52,    0
903220,20191217,   51,    0
903220,20191218,   40,    0
903220,20191219,   87,    0
903220,20191220,   91,    0
903220,20191221,   63,    0
903220,20191222,   46,    0
903220,20191223,   66,    0
903220,20191224,   54,    0
903220,20191225,   52,    0
903220,20191226,   56,    0
903220,20191227,   65,    0
903220,20191228,   93,    0
903220,20191229,   79,    0
903220,20191230,   76,    0
903220,20191231,   25,    0
903220,20200101,   28,    0
903220,20200102,   76,    0
903220,20200103,   56,    0
903220,20200104,   69,    0
903220,20200105,   86,    0
903220,20200106,   94,    0
903220,20200107,   98,    0
903220,20200108,   79,    0
903220,20200109,   32,    0
903220,20200110,   38,    0
903220,20200111,   99,    0
903220,20200112,   73,    0
903220,20200113,   60,    0
903220,20200114,   62,    0
903220,20200115,   67,    0
903220,20200116,   86,    0
903220,20200117,   57,    0
903220,20200118,   45,    0
903220,20200119,   14,    0
903220,20200120,   60,    0
903220,20200121,   77,    0
903220,20200122,   89,    0
903220,20200123,   72,    0
903220,20200124,   76,    0
903220,20200125,   72,    0
903220,20200126,   77,    0
903220,20200127,   41,    0
903220,20200128,   39,    0
903220,20200129,   63,    0
903220,20200130,   97,    0
903220,20200131,   94,    0
903220,20200201,   90,    0
903220,20200202,   67,    0
903220,20200203,   69,    0
903220,20200204,   72,    0
903220,20200205,   46,    0
903220,20200206,   63,    0
903220,20200207,   44,    0
903220,20200208,   77,    0
903220,20200209,   96,    0
903220,20200210,   55,    0
903220,20200211,   37,    0
903220,20200212,   36,    0
903220,20200213,   37,    0
903220,20200214,   57,    0
903220,20200215,   84,    0
903220,20200216,   65,    0
903220,20200217,   73,    0
903220,20200218,   56,    0
903220,20200219,   57,    0
903220,20200220,   87,    0
903220,20200221,   68,    0
903220,20200222,   66,    0
903220,20200223,   54,    0
903220,20200224,   46,    0
903220,20200225,   51,    0
903220,20200226,   41,    0
903220,20200227,   41,    0
903220,20200228,   58,    0
903220,20200229,   60,    0
903220,20200301,   52,    0
903220,20200302,   45,    0
903220,20200303,   54,    0
903220,20200304,   42,    0
903220,20200305,   35,    0
903220,20200306,   48,    0
903220,20200307,   79,    0
903220,20200308,   85,    0
903220,20200309,   64,    0
903220,20200310,   87,    0
903220,20200311,   70,    0
903220,20200312,   55,    0
903220,20200313,   45,    0
903220,20200314,   75,    0
903220,20200315,   90,    0
903220,20200316,   68,    0
903220,20200317,   96,    0
903220,20200318,   66,    0
903220,20200319,   51,    0
903220,20200320,   43,    0
903220,20200321,   55,    0
903220,20200322,   62,    0
903220,20200323,   71,    0
903220,20200324,  111,    0
903220,20200325,  118,    0
903220,20200326,   95,    0
903220,20200327,   73,    0
903220,20200328,   67,    0
903220,20200329,   50,    0
903220,20200330,   73,    0
903220,20200331,   57,    0
903220,20200401,   86,    0
903220,20200402,   91,    0
903220,20200403,   63,    0
903220,20200404,   94,    0
903220,20200405,  139,    0
903220,20200406,  111,    0
903220,20200407,   91,    0
903220,20200408,   95,    0
903220,20200409,  111,    0
903220,20200410,  143,    0
903220,20200411,  130,    0
903220,20200412,  101,    0
903220,20200413,   70,    0
903220,20200414,   47,    0
903220,20200415,   84,    0
903220,20200416,   85,    0
903220,20200417,   95,    0
903220,20200418,   82,    0
903220,20200419,   97,    0
903220,20200420,   95,    0
903220,20200421,  102,    0
903220,20200422,  109,    0
903220,20200423,  115,    0
903220,20200424,  123,    0
903220,20200425,  126,    0
903220,20200426,   81,    0
903220,20200427,   83,    0
903220,20200428,   80,    0
903220,20200429,   76,    0
903220,20200430,   88,    0
903220,20200501,   93,    0
903220,20200502,  119,    0
903220,20200503,  115,    0
903220,20200504,   92,    0
903220,20200505,   86,    0
903220,20200506,-9999,    9
903220,20200507,  105,    0
903220,20200508,  141,    0
903220,20200509,  143,    0
903220,20200510,   82,    0
903220,20200511,   66,    0
903220,20200512,   94,    0
903220,20200513,   72,    0
903220,20200514,   71,    0
903220,20200515,   97,    0
903220,20200516,  102,    0
903220,20200517,  119,    0
903220,20200518,  129,    0
903220,20200519,  147,    0
903220,20200520,  165,    0
903220,20200521,  123,    0
903220,20200522,  146,    0
903220,20200523,  120,    0
903220,20200524,  130,    0
903220,20200525,  129,    0
903220,20200526,  155,    0
903220,20200527,  130,    0
903220,20200528,  159,    0
903220,20200529,  178,    0
903220,20200530,  173,    0
903220,20200531,  168,    0
156839,20200601,-9999,    9
156839,20200602,-9999,    9
156839,20200603,-9999,    9
156839,20200604,-9999,    9
156839,20200605,-9999,    9
156839,20200606,-9999,    9
156839,20200607,-9999,    9
156839,20200608,-9999,    9
156839,20200609,-9999,    9
156839,20200610,-9999,    9
156839,20200611,-9999,    9
156839,20200612,-9999,    9
156839,20200613,-9999,    9
156839,20200614,-9999,    9
156839,20200615,-9999,    9
156839,20200616,-9999,    9
156839,20200617,-9999,    9
156839,20200618,-9999,    9
156839,20200619,-9999,    9
156839,20200620,-9999,    9
156839,20200621,-9999,    9
156839,20200622,-9999,    9
156839,20200623,-9999,    9
156839,20200624,-9999,    9
156839,20200625,-9999,    9
156839,20200626,-9999,    9
156839,20200627,-9999,    9
156839,20200628,-9999,    9
156839,20200629,-9999,    9
156839,20200630,-9999,    9
