EUROPEAN CLIMATE ASSESSMENT & DATASET (ECA&D), file created on 14-08-2020
THESE DATA CAN BE USED FREELY PROVIDED THAT THE FOLLOWING SOURCE IS ACKNOWLEDGED:

Klein Tank, A.M.G. and Coauthors, 2002. Daily dataset of 20th-century surface
air temperature and precipitation series for the European Climate Assessment.
Int. J. of Climatol., 22, 1441-1453.
Data and metadata available at http://www.ecad.eu

FILE FORMAT (MISSING VALUE CODE IS -9999):

01-06 SOUID: Source identifier
08-15 DATE : Date YYYYMMDD
17-21 TG   : mean temperature in 0.1 &#176;C
23-27 Q_TG : Quality code for TG (0='valid'; 1='suspect'; 9='missing')

This is the blended series of station UNITED KINGDOM, WIGHT ST CATHERINES POINT (STAID: 11111).
Blended and updated with sources: 156879 903866 
See file sources.txt and stations.txt for more info.

 SOUID,    DATE,   TG, Q_TG
156879,20140101,   85,    0
156879,20140102,   99,    0
156879,20140103,   94,    0
156879,20140104,   81,    0
156879,20140105,   80,    0
156879,20140106,  100,    0
156879,20140107,  106,    0
156879,20140108,   96,    0
156879,20140109,   98,    0
156879,20140110,   94,    0
156879,20140111,   78,    0
156879,20140112,   75,    0
156879,20140113,   84,    0
156879,20140114,   71,    0
156879,20140115,   74,    0
156879,20140116,   94,    0
156879,20140117,   83,    0
156879,20140118,   89,    0
156879,20140119,   73,    0
156879,20140120,   84,    0
156879,20140121,   66,    0
156879,20140122,   91,    1
156879,20140123,   77,    0
156879,20140124,   81,    0
156879,20140125,   92,    0
156879,20140126,   89,    0
156879,20140127,   73,    0
156879,20140128,   80,    1
156879,20140129,   65,    0
156879,20140130,   56,    0
156879,20140131,   67,    0
156879,20140201,   72,    0
156879,20140202,   77,    0
156879,20140203,   80,    0
156879,20140204,   78,    0
156879,20140205,   86,    0
156879,20140206,   89,    0
156879,20140207,   76,    0
156879,20140208,   81,    0
156879,20140209,   68,    0
156879,20140210,   71,    0
156879,20140211,   76,    0
156879,20140212,   77,    0
156879,20140213,   58,    0
156879,20140214,   81,    0
156879,20140215,   77,    0
156879,20140216,   85,    0
156879,20140217,   82,    0
156879,20140218,   94,    0
156879,20140219,   84,    0
156879,20140220,   94,    1
156879,20140221,   74,    0
156879,20140222,   78,    0
156879,20140223,   98,    0
156879,20140224,   99,    1
156879,20140225,   81,    0
156879,20140226,   85,    0
156879,20140227,   88,    0
156879,20140228,   73,    0
156879,20140301,   57,    0
156879,20140302,   72,    0
156879,20140303,   69,    0
156879,20140304,   69,    0
156879,20140305,   78,    0
156879,20140306,   89,    0
156879,20140307,  100,    0
156879,20140308,   99,    0
156879,20140309,  114,    0
156879,20140310,  124,    1
156879,20140311,   82,    0
156879,20140312,   99,    0
156879,20140313,   94,    1
156879,20140314,   65,    0
156879,20140315,   87,    0
156879,20140316,  107,    0
156879,20140317,   99,    0
156879,20140318,   93,    0
156879,20140319,   95,    0
156879,20140320,   93,    0
156879,20140321,   82,    0
156879,20140322,   67,    0
156879,20140323,   81,    0
156879,20140324,   58,    0
156879,20140325,   84,    0
156879,20140326,   59,    0
156879,20140327,   62,    0
156879,20140328,   83,    0
156879,20140329,   93,    0
156879,20140330,  127,    0
156879,20140331,  127,    0
156879,20140401,  103,    0
156879,20140402,  121,    0
156879,20140403,  136,    1
156879,20140404,  103,    0
156879,20140405,   98,    0
156879,20140406,  115,    0
156879,20140407,  113,    0
156879,20140408,   96,    0
156879,20140409,   93,    0
156879,20140410,   95,    0
156879,20140411,  119,    0
156879,20140412,  109,    0
156879,20140413,  112,    0
156879,20140414,  106,    0
156879,20140415,   91,    0
156879,20140416,   98,    0
156879,20140417,  106,    0
156879,20140418,  101,    0
156879,20140419,   83,    0
156879,20140420,  103,    0
156879,20140421,  115,    0
156879,20140422,  110,    0
156879,20140423,  109,    0
156879,20140424,  103,    0
156879,20140425,  110,    0
156879,20140426,  115,    0
156879,20140427,  114,    0
156879,20140428,  123,    0
156879,20140429,  115,    0
156879,20140430,  105,    0
156879,20140501,  113,    0
156879,20140502,  117,    1
156879,20140503,   81,    0
156879,20140504,   95,    0
156879,20140505,  116,    0
156879,20140506,  126,    0
156879,20140507,  122,    0
156879,20140508,  119,    0
156879,20140509,  124,    0
156879,20140510,  122,    0
156879,20140511,  117,    0
156879,20140512,  118,    0
156879,20140513,  123,    0
156879,20140514,  124,    0
156879,20140515,  132,    0
156879,20140516,  128,    0
156879,20140517,  139,    0
156879,20140518,  143,    0
156879,20140519,  164,    1
156879,20140520,  140,    0
156879,20140521,  128,    0
156879,20140522,  135,    0
156879,20140523,  124,    0
156879,20140524,  119,    0
156879,20140525,  131,    0
156879,20140526,  123,    0
156879,20140527,  135,    0
156879,20140528,  121,    0
156879,20140529,  141,    0
156879,20140530,  150,    0
156879,20140531,  137,    0
156879,20140601,  145,    0
156879,20140602,  145,    0
156879,20140603,  140,    0
156879,20140604,  129,    0
156879,20140605,  127,    0
156879,20140606,  148,    0
156879,20140607,  162,    0
156879,20140608,  161,    0
156879,20140609,  164,    0
156879,20140610,  145,    0
156879,20140611,  164,    0
156879,20140612,  172,    0
156879,20140613,  174,    0
156879,20140614,  176,    0
156879,20140615,  155,    0
156879,20140616,  149,    0
156879,20140617,  156,    0
156879,20140618,  153,    0
156879,20140619,  176,    0
156879,20140620,  153,    0
156879,20140621,  163,    0
156879,20140622,  172,    0
156879,20140623,  176,    0
156879,20140624,  187,    1
156879,20140625,  162,    0
156879,20140626,  157,    0
156879,20140627,  164,    0
156879,20140628,  162,    0
156879,20140629,  158,    0
156879,20140630,  150,    0
156879,20140701,  169,    0
156879,20140702,  159,    0
156879,20140703,  164,    0
156879,20140704,  166,    0
156879,20140705,  167,    0
156879,20140706,  155,    0
156879,20140707,  165,    0
156879,20140708,  169,    0
156879,20140709,  170,    0
156879,20140710,  189,    0
156879,20140711,  174,    0
156879,20140712,  186,    0
156879,20140713,  185,    0
156879,20140714,  159,    0
156879,20140715,  182,    0
156879,20140716,  185,    0
156879,20140717,  191,    0
156879,20140718,  197,    0
156879,20140719,  202,    0
156879,20140720,  188,    0
156879,20140721,  201,    0
156879,20140722,  213,    0
156879,20140723,  221,    0
156879,20140724,  232,    0
156879,20140725,  214,    0
156879,20140726,  224,    0
156879,20140727,  206,    0
156879,20140728,  190,    0
156879,20140729,  195,    0
156879,20140730,  180,    0
156879,20140731,  175,    0
156879,20140801,  182,    0
156879,20140802,  182,    0
156879,20140803,  174,    0
156879,20140804,  177,    0
156879,20140805,  183,    0
156879,20140806,  185,    0
156879,20140807,  186,    0
156879,20140808,  185,    0
156879,20140809,  174,    0
156879,20140810,  182,    0
156879,20140811,  172,    0
156879,20140812,  174,    0
156879,20140813,  177,    0
156879,20140814,  169,    0
156879,20140815,  158,    0
156879,20140816,  161,    0
156879,20140817,  162,    0
156879,20140818,  166,    0
156879,20140819,  145,    0
156879,20140820,  143,    0
156879,20140821,  139,    0
156879,20140822,  163,    0
156879,20140823,  140,    0
156879,20140824,  141,    0
156879,20140825,  164,    0
156879,20140826,  180,    0
156879,20140827,  159,    0
156879,20140828,  174,    0
156879,20140829,  172,    0
156879,20140830,  164,    0
156879,20140831,  164,    0
156879,20140901,  161,    0
156879,20140902,  172,    0
156879,20140903,  183,    0
156879,20140904,  177,    0
156879,20140905,  176,    0
156879,20140906,  182,    0
156879,20140907,  180,    0
156879,20140908,  175,    0
156879,20140909,  172,    0
156879,20140910,  169,    0
156879,20140911,  160,    0
156879,20140912,  174,    0
156879,20140913,  178,    0
156879,20140914,  175,    0
156879,20140915,  173,    0
156879,20140916,  186,    0
156879,20140917,  195,    0
156879,20140918,  199,    0
156879,20140919,  199,    0
156879,20140920,  186,    0
156879,20140921,  165,    0
156879,20140922,  138,    0
156879,20140923,  145,    0
156879,20140924,  167,    0
156879,20140925,  141,    0
156879,20140926,  171,    0
156879,20140927,  176,    0
156879,20140928,  181,    0
156879,20140929,  165,    0
156879,20140930,  177,    0
156879,20141001,  175,    0
156879,20141002,  166,    0
156879,20141003,  169,    1
156879,20141004,  145,    0
156879,20141005,  125,    0
156879,20141006,  140,    0
156879,20141007,  129,    0
156879,20141008,  136,    0
156879,20141009,  155,    0
156879,20141010,  157,    0
156879,20141011,  144,    0
156879,20141012,  131,    1
156879,20141013,  123,    0
156879,20141014,  130,    0
156879,20141015,  132,    0
156879,20141016,  156,    0
156879,20141017,  168,    0
156879,20141018,  179,    1
156879,20141019,  167,    0
156879,20141020,  155,    1
156879,20141021,  139,    0
156879,20141022,  122,    0
156879,20141023,  137,    0
156879,20141024,  152,    1
156879,20141025,  132,    0
156879,20141026,  144,    0
156879,20141027,  160,    0
156879,20141028,  159,    0
156879,20141029,  158,    0
156879,20141030,  165,    0
156879,20141031,  166,    1
156879,20141101,  154,    1
156879,20141102,  147,    1
156879,20141103,  122,    0
156879,20141104,  111,    0
156879,20141105,   90,    0
156879,20141106,   99,    0
156879,20141107,  126,    0
156879,20141108,  124,    0
156879,20141109,  118,    0
156879,20141110,  119,    0
156879,20141111,  118,    0
156879,20141112,  120,    0
156879,20141113,  123,    0
156879,20141114,  128,    0
156879,20141115,  130,    0
156879,20141116,  120,    1
156879,20141117,   95,    0
156879,20141118,  109,    0
156879,20141119,  109,    0
156879,20141120,  117,    0
156879,20141121,  115,    0
156879,20141122,  126,    1
156879,20141123,   89,    0
156879,20141124,   69,    0
156879,20141125,   72,    0
156879,20141126,   83,    0
156879,20141127,   98,    0
156879,20141128,  112,    0
156879,20141129,  130,    1
156879,20141130,  100,    1
156879,20141201,   80,    0
156879,20141202,   74,    0
156879,20141203,   61,    1
156879,20141204,   48,    0
156879,20141205,   54,    0
156879,20141206,   67,    0
156879,20141207,   74,    0
156879,20141208,   68,    0
156879,20141209,   76,    0
156879,20141210,   78,    0
156879,20141211,  102,    0
156879,20141212,   98,    1
156879,20141213,   66,    0
156879,20141214,   74,    0
156879,20141215,   91,    0
156879,20141216,   81,    0
156879,20141217,   90,    0
156879,20141218,  117,    1
156879,20141219,  104,    1
156879,20141220,   95,    0
156879,20141221,   97,    0
156879,20141222,  104,    0
156879,20141223,  115,    1
156879,20141224,  101,    1
156879,20141225,   84,    0
156879,20141226,   74,    1
156879,20141227,   54,    0
156879,20141228,   35,    0
156879,20141229,   38,    0
156879,20141230,   51,    0
156879,20141231,   64,    0
156879,20150101,   94,    0
156879,20150102,   99,    0
156879,20150103,   89,    0
156879,20150104,   65,    0
156879,20150105,   73,    0
156879,20150106,   96,    0
156879,20150107,   84,    0
156879,20150108,  103,    0
156879,20150109,  103,    0
156879,20150110,  112,    1
156879,20150111,   83,    0
156879,20150112,   91,    0
156879,20150113,   93,    0
156879,20150114,   70,    0
156879,20150115,   76,    0
156879,20150116,   57,    0
156879,20150117,   50,    0
156879,20150118,   45,    0
156879,20150119,   30,    0
156879,20150120,   38,    0
156879,20150121,   57,    0
156879,20150122,   40,    0
156879,20150123,   50,    0
156879,20150124,   51,    0
156879,20150125,   66,    0
156879,20150126,   87,    0
156879,20150127,   71,    0
156879,20150128,   81,    1
156879,20150129,   65,    0
156879,20150130,   46,    0
156879,20150131,   50,    0
156879,20150201,   39,    0
156879,20150202,   20,    0
156879,20150203,   23,    0
156879,20150204,   29,    0
156879,20150205,   28,    0
156879,20150206,   29,    0
156879,20150207,   40,    0
156879,20150208,   59,    1
156879,20150209,   36,    0
156879,20150210,   44,    0
156879,20150211,   54,    0
156879,20150212,   56,    0
156879,20150213,   63,    0
156879,20150214,   72,    0
156879,20150215,   77,    1
156879,20150216,   58,    0
156879,20150217,   61,    0
156879,20150218,   57,    0
156879,20150219,   74,    1
156879,20150220,   65,    0
156879,20150221,   58,    0
156879,20150222,   54,    0
156879,20150223,   68,    0
156879,20150224,   59,    0
156879,20150225,   85,    0
156879,20150226,   87,    1
156879,20150227,   52,    0
156879,20150228,   71,    0
156879,20150301,   84,    1
156879,20150302,   62,    0
156879,20150303,   67,    0
156879,20150304,   73,    0
156879,20150305,   59,    0
156879,20150306,   71,    0
156879,20150307,   85,    0
156879,20150308,   84,    0
156879,20150309,   76,    0
156879,20150310,   86,    0
156879,20150311,   83,    0
156879,20150312,   92,    0
156879,20150313,   87,    0
156879,20150314,   55,    0
156879,20150315,   57,    0
156879,20150316,   59,    0
156879,20150317,   80,    0
156879,20150318,   86,    0
156879,20150319,   67,    0
156879,20150320,   72,    0
156879,20150321,   79,    0
156879,20150322,   67,    0
156879,20150323,   73,    0
156879,20150324,   75,    0
156879,20150325,   57,    0
156879,20150326,   87,    0
156879,20150327,   78,    0
156879,20150328,   88,    0
156879,20150329,   95,    0
156879,20150330,   90,    0
156879,20150331,   99,    1
156879,20150401,   78,    0
156879,20150402,   79,    0
156879,20150403,   90,    0
156879,20150404,   99,    0
156879,20150405,   85,    0
156879,20150406,   87,    0
156879,20150407,   85,    0
156879,20150408,   95,    0
156879,20150409,   93,    0
156879,20150410,  105,    0
156879,20150411,  100,    0
156879,20150412,   99,    0
156879,20150413,   88,    0
156879,20150414,  106,    0
156879,20150415,  133,    0
156879,20150416,  137,    1
156879,20150417,  108,    0
156879,20150418,   94,    0
156879,20150419,   85,    0
156879,20150420,  108,    0
156879,20150421,  115,    0
156879,20150422,  106,    0
156879,20150423,  100,    0
156879,20150424,   96,    0
156879,20150425,  109,    0
156879,20150426,  109,    0
156879,20150427,   81,    0
156879,20150428,   81,    0
156879,20150429,   93,    0
156879,20150430,  101,    0
156879,20150501,   95,    0
156879,20150502,  100,    0
156879,20150503,  111,    0
156879,20150504,  118,    0
156879,20150505,  118,    0
156879,20150506,  109,    0
156879,20150507,  112,    0
156879,20150508,  113,    0
156879,20150509,  120,    0
156879,20150510,  124,    0
156879,20150511,  117,    0
156879,20150512,  119,    0
156879,20150513,  115,    0
156879,20150514,  108,    0
156879,20150515,  112,    0
156879,20150516,  128,    1
156879,20150517,  101,    0
156879,20150518,  118,    0
156879,20150519,  108,    0
156879,20150520,  106,    0
156879,20150521,  107,    0
156879,20150522,  130,    0
156879,20150523,  148,    1
156879,20150524,  124,    0
156879,20150525,  126,    0
156879,20150526,  131,    0
156879,20150527,  118,    0
156879,20150528,  135,    0
156879,20150529,  120,    0
156879,20150530,  117,    0
156879,20150531,  127,    0
156879,20150601,  120,    0
156879,20150602,  127,    0
156879,20150603,  139,    0
156879,20150604,  134,    0
156879,20150605,  142,    0
156879,20150606,  132,    0
156879,20150607,  135,    0
156879,20150608,  132,    0
156879,20150609,  121,    0
156879,20150610,  130,    0
156879,20150611,  171,    0
156879,20150612,  172,    1
156879,20150613,  139,    0
156879,20150614,  160,    0
156879,20150615,  143,    0
156879,20150616,  137,    0
156879,20150617,  154,    0
156879,20150618,  166,    0
156879,20150619,  139,    0
156879,20150620,  150,    0
156879,20150621,  154,    0
156879,20150622,  150,    0
156879,20150623,  145,    0
156879,20150624,  156,    0
156879,20150625,  153,    0
156879,20150626,  156,    0
156879,20150627,  154,    0
156879,20150628,  155,    0
156879,20150629,  166,    0
156879,20150630,  179,    0
156879,20150701,  226,    1
156879,20150702,  176,    0
156879,20150703,  176,    0
156879,20150704,  173,    0
156879,20150705,  156,    0
156879,20150706,  167,    0
156879,20150707,  159,    0
156879,20150708,  172,    0
156879,20150709,  157,    0
156879,20150710,  167,    0
156879,20150711,  171,    1
156879,20150712,  161,    0
156879,20150713,  167,    0
156879,20150714,  173,    0
156879,20150715,  180,    0
156879,20150716,  191,    1
156879,20150717,  169,    0
156879,20150718,  159,    0
156879,20150719,  163,    0
156879,20150720,  168,    0
156879,20150721,  168,    0
156879,20150722,  175,    0
156879,20150723,  154,    0
156879,20150724,  145,    0
156879,20150725,  149,    0
156879,20150726,  151,    0
156879,20150727,  152,    0
156879,20150728,  159,    0
156879,20150729,  155,    0
156879,20150730,  153,    0
156879,20150731,  157,    0
156879,20150801,  149,    0
156879,20150802,  175,    0
156879,20150803,  175,    0
156879,20150804,  166,    0
156879,20150805,  165,    0
156879,20150806,  169,    0
156879,20150807,  159,    0
156879,20150808,  176,    0
156879,20150809,  168,    0
156879,20150810,  167,    0
156879,20150811,  154,    0
156879,20150812,  192,    0
156879,20150813,  190,    1
156879,20150814,  173,    0
156879,20150815,  158,    0
156879,20150816,  154,    0
156879,20150817,  167,    0
156879,20150818,  167,    0
156879,20150819,  156,    0
156879,20150820,  170,    0
156879,20150821,  194,    0
156879,20150822,  194,    1
156879,20150823,  164,    0
156879,20150824,  162,    0
156879,20150825,  159,    0
156879,20150826,  165,    0
156879,20150827,  163,    0
156879,20150828,  174,    0
156879,20150829,  181,    0
156879,20150830,  185,    1
156879,20150831,  163,    0
156879,20150901,  156,    0
156879,20150902,  141,    0
156879,20150903,  136,    0
156879,20150904,  146,    0
156879,20150905,  141,    0
156879,20150906,  136,    0
156879,20150907,  149,    0
156879,20150908,  148,    0
156879,20150909,  155,    0
156879,20150910,  165,    0
156879,20150911,  169,    0
156879,20150912,  162,    0
156879,20150913,  158,    0
156879,20150914,  151,    0
156879,20150915,  140,    0
156879,20150916,  135,    0
156879,20150917,  137,    0
156879,20150918,  153,    0
156879,20150919,  139,    0
156879,20150920,  145,    0
156879,20150921,  155,    0
156879,20150922,  137,    0
156879,20150923,  135,    0
156879,20150924,  150,    0
156879,20150925,  146,    0
156879,20150926,  142,    0
156879,20150927,  142,    0
156879,20150928,  145,    0
156879,20150929,  149,    0
156879,20150930,  146,    0
156879,20151001,  144,    0
156879,20151002,  139,    0
156879,20151003,  126,    0
156879,20151004,  138,    0
156879,20151005,  155,    0
156879,20151006,  161,    1
156879,20151007,  139,    0
156879,20151008,  132,    0
156879,20151009,  138,    0
156879,20151010,  135,    0
156879,20151011,  140,    0
156879,20151012,  109,    0
156879,20151013,  104,    0
156879,20151014,   99,    0
156879,20151015,   99,    0
156879,20151016,  121,    0
156879,20151017,  118,    0
156879,20151018,  130,    0
156879,20151019,  128,    0
156879,20151020,  131,    0
156879,20151021,  128,    0
156879,20151022,  137,    0
156879,20151023,  129,    0
156879,20151024,  137,    0
156879,20151025,  110,    0
156879,20151026,  132,    0
156879,20151027,  142,    0
156879,20151028,  135,    0
156879,20151029,  141,    0
156879,20151030,  135,    0
156879,20151031,  144,    0
156879,20151101,  139,    0
156879,20151102,  119,    0
156879,20151103,  127,    0
156879,20151104,  134,    0
156879,20151105,  138,    0
156879,20151106,  150,    0
156879,20151107,  153,    0
156879,20151108,  135,    0
156879,20151109,  134,    0
156879,20151110,  141,    0
156879,20151111,  145,    0
156879,20151112,  142,    1
156879,20151113,  128,    0
156879,20151114,  126,    0
156879,20151115,  128,    0
156879,20151116,  134,    0
156879,20151117,  139,    0
156879,20151118,  138,    1
156879,20151119,  129,    1
156879,20151120,   88,    1
156879,20151121,   50,    0
156879,20151122,   53,    0
156879,20151123,   72,    0
156879,20151124,   72,    0
156879,20151125,  106,    0
156879,20151126,  105,    0
156879,20151127,  111,    0
156879,20151128,   95,    0
156879,20151129,  108,    0
156879,20151130,  123,    0
156879,20151201,  128,    0
156879,20151202,  126,    0
156879,20151203,  129,    0
156879,20151204,  108,    0
156879,20151205,  124,    0
156879,20151206,  126,    0
156879,20151207,  135,    1
156879,20151208,  127,    1
156879,20151209,  112,    0
156879,20151210,  117,    0
156879,20151211,  115,    0
156879,20151212,  109,    0
156879,20151213,  123,    1
156879,20151214,  108,    0
156879,20151215,  117,    0
156879,20151216,  127,    0
156879,20151217,  133,    0
156879,20151218,  130,    0
156879,20151219,  131,    1
156879,20151220,  128,    0
156879,20151221,  112,    0
156879,20151222,  126,    0
156879,20151223,  114,    0
156879,20151224,  118,    0
156879,20151225,  112,    0
156879,20151226,  119,    0
156879,20151227,  130,    1
156879,20151228,  118,    0
156879,20151229,  114,    0
156879,20151230,  110,    0
156879,20151231,  100,    0
156879,20160101,   91,    0
156879,20160102,  108,    0
156879,20160103,  102,    0
156879,20160104,   98,    0
156879,20160105,   98,    0
156879,20160106,   92,    0
156879,20160107,   90,    0
156879,20160108,   92,    0
156879,20160109,   96,    0
156879,20160110,   84,    0
156879,20160111,   79,    0
156879,20160112,   76,    0
156879,20160113,   76,    1
156879,20160114,   62,    0
156879,20160115,   42,    0
156879,20160116,   48,    0
156879,20160117,   54,    0
156879,20160118,   57,    0
156879,20160119,   34,    0
156879,20160120,   44,    0
156879,20160121,   66,    0
156879,20160122,   92,    0
156879,20160123,   95,    0
156879,20160124,  104,    0
156879,20160125,  103,    0
156879,20160126,  101,    0
156879,20160127,  105,    0
156879,20160128,   81,    0
156879,20160129,   92,    0
156879,20160130,   90,    0
156879,20160131,   92,    0
156879,20160201,  104,    1
156879,20160202,   93,    0
156879,20160203,   78,    0
156879,20160204,   86,    0
156879,20160205,  100,    0
156879,20160206,  105,    0
156879,20160207,   85,    0
156879,20160208,   83,    1
156879,20160209,   60,    0
156879,20160210,   70,    0
156879,20160211,   58,    0
156879,20160212,   60,    0
156879,20160213,   58,    0
156879,20160214,   52,    0
156879,20160215,   39,    0
156879,20160216,   44,    0
156879,20160217,   56,    0
156879,20160218,   54,    0
156879,20160219,   66,    0
156879,20160220,   88,    0
156879,20160221,  101,    1
156879,20160222,   96,    0
156879,20160223,   68,    1
156879,20160224,   52,    0
156879,20160225,   46,    0
156879,20160226,   58,    0
156879,20160227,   62,    0
156879,20160228,   52,    0
156879,20160229,   56,    0
156879,20160301,   65,    0
156879,20160302,   69,    0
156879,20160303,   64,    0
156879,20160304,   56,    0
156879,20160305,   44,    0
156879,20160306,   50,    0
156879,20160307,   42,    0
156879,20160308,   52,    0
156879,20160309,   66,    0
156879,20160310,   68,    0
156879,20160311,   64,    0
156879,20160312,   68,    0
156879,20160313,   62,    0
156879,20160314,   69,    0
156879,20160315,   74,    0
156879,20160316,   92,    0
156879,20160317,   69,    0
156879,20160318,   45,    0
156879,20160319,   58,    0
156879,20160320,   75,    0
156879,20160321,   94,    0
156879,20160322,   80,    0
156879,20160323,   76,    0
156879,20160324,   78,    0
156879,20160325,  106,    0
156879,20160326,   94,    0
156879,20160327,   88,    0
156879,20160328,   80,    0
156879,20160329,   84,    0
156879,20160330,   85,    0
156879,20160331,   92,    0
156879,20160401,   85,    0
156879,20160402,  100,    0
156879,20160403,   95,    0
156879,20160404,  101,    0
156879,20160405,   96,    0
156879,20160406,   96,    0
156879,20160407,   86,    0
156879,20160408,   90,    0
156879,20160409,   82,    0
156879,20160410,   88,    0
156879,20160411,  103,    0
156879,20160412,  102,    0
156879,20160413,  104,    0
156879,20160414,  108,    0
156879,20160415,  100,    1
156879,20160416,   77,    0
156879,20160417,   70,    0
156879,20160418,   89,    0
156879,20160419,  104,    0
156879,20160420,   98,    0
156879,20160421,  108,    1
156879,20160422,   93,    0
156879,20160423,   85,    0
156879,20160424,   92,    0
156879,20160425,   91,    0
156879,20160426,   61,    0
156879,20160427,   60,    0
156879,20160428,   62,    0
156879,20160429,   84,    0
156879,20160430,   79,    0
156879,20160501,   86,    0
156879,20160502,  106,    0
156879,20160503,   94,    0
156879,20160504,  100,    0
156879,20160505,  112,    0
156879,20160506,  154,    0
156879,20160507,  152,    0
156879,20160508,  164,    1
156879,20160509,  150,    0
156879,20160510,  139,    0
156879,20160511,  134,    0
156879,20160512,  152,    0
156879,20160513,  162,    1
156879,20160514,   98,    0
156879,20160515,  108,    0
156879,20160516,  111,    0
156879,20160517,  114,    0
156879,20160518,  119,    0
156879,20160519,  115,    0
156879,20160520,  128,    0
156879,20160521,  131,    0
156879,20160522,  129,    0
156879,20160523,  123,    0
156879,20160524,  128,    0
156879,20160525,  107,    0
156879,20160526,  123,    0
156879,20160527,  145,    0
156879,20160528,  150,    0
156879,20160529,  154,    0
156879,20160530,  145,    0
156879,20160531,  136,    0
156879,20160601,  138,    0
156879,20160602,  136,    0
156879,20160603,  121,    0
156879,20160604,  139,    0
156879,20160605,  158,    0
156879,20160606,  142,    0
156879,20160607,  156,    0
156879,20160608,  172,    1
156879,20160609,  140,    0
156879,20160610,  157,    0
156879,20160611,  160,    1
156879,20160612,  140,    0
156879,20160613,  148,    0
156879,20160614,  143,    0
156879,20160615,  142,    0
156879,20160616,  150,    0
156879,20160617,  151,    0
156879,20160618,  150,    0
156879,20160619,  135,    0
156879,20160620,  152,    0
156879,20160621,  157,    0
156879,20160622,  164,    0
156879,20160623,  172,    1
156879,20160624,  148,    0
156879,20160625,  149,    0
156879,20160626,  148,    0
156879,20160627,  160,    1
156879,20160628,  143,    0
156879,20160629,  142,    0
156879,20160630,  148,    0
156879,20160701,  150,    0
156879,20160702,  148,    0
156879,20160703,  150,    0
156879,20160704,  148,    0
156879,20160705,  166,    0
156879,20160706,  152,    0
156879,20160707,  152,    0
156879,20160708,  158,    0
156879,20160709,  164,    0
156879,20160710,  160,    0
156879,20160711,  160,    0
156879,20160712,  155,    0
156879,20160713,  146,    0
156879,20160714,  152,    0
156879,20160715,  148,    0
156879,20160716,  175,    0
156879,20160717,  186,    0
156879,20160718,  202,    0
156879,20160719,  220,    1
156879,20160720,  190,    0
156879,20160721,  170,    0
156879,20160722,  182,    0
156879,20160723,  170,    0
156879,20160724,  166,    0
156879,20160725,  172,    0
156879,20160726,  164,    0
156879,20160727,  176,    0
156879,20160728,  164,    0
156879,20160729,  174,    0
156879,20160730,  174,    0
156879,20160731,  172,    0
156879,20160801,  154,    0
156879,20160802,  158,    0
156879,20160803,  174,    0
156879,20160804,  169,    0
156879,20160805,  168,    0
156879,20160806,  164,    0
156879,20160807,  176,    0
156879,20160808,  172,    0
156879,20160809,  153,    0
156879,20160810,  146,    0
156879,20160811,  176,    0
156879,20160812,  169,    0
156879,20160813,  178,    0
156879,20160814,  178,    0
156879,20160815,  177,    0
156879,20160816,  181,    0
156879,20160817,  180,    0
156879,20160818,  180,    0
156879,20160819,  172,    0
156879,20160820,  162,    0
156879,20160821,  173,    0
156879,20160822,  189,    0
156879,20160823,  196,    0
156879,20160824,  226,    0
156879,20160825,  213,    0
156879,20160826,  197,    0
156879,20160827,  200,    1
156879,20160828,  176,    0
156879,20160829,  183,    0
156879,20160830,  184,    0
156879,20160831,  172,    0
156879,20160901,  168,    0
156879,20160902,  170,    0
156879,20160903,  166,    0
156879,20160904,  178,    0
156879,20160905,  170,    0
156879,20160906,  193,    0
156879,20160907,  196,    1
156879,20160908,  183,    0
156879,20160909,  182,    0
156879,20160910,  182,    0
156879,20160911,  156,    0
156879,20160912,  196,    0
156879,20160913,  218,    0
156879,20160914,  204,    0
156879,20160915,  208,    1
156879,20160916,  180,    1
156879,20160917,  148,    0
156879,20160918,  164,    0
156879,20160919,  164,    0
156879,20160920,  166,    0
156879,20160921,  174,    0
156879,20160922,  172,    0
156879,20160923,  154,    0
156879,20160924,  180,    1
156879,20160925,  167,    0
156879,20160926,  164,    0
156879,20160927,  166,    0
156879,20160928,  168,    0
156879,20160929,  172,    1
156879,20160930,  154,    0
156879,20161001,  143,    0
156879,20161002,  132,    0
156879,20161003,  150,    0
156879,20161004,  160,    0
156879,20161005,  156,    1
156879,20161006,  124,    0
156879,20161007,  128,    0
156879,20161008,  142,    0
156879,20161009,  128,    0
156879,20161010,  116,    0
156879,20161011,  114,    0
156879,20161012,  130,    0
156879,20161013,  118,    0
156879,20161014,  122,    0
156879,20161015,  134,    0
156879,20161016,  146,    0
156879,20161017,  148,    1
156879,20161018,  129,    0
156879,20161019,  116,    0
156879,20161020,  123,    0
156879,20161021,  104,    0
156879,20161022,  104,    0
156879,20161023,  106,    0
156879,20161024,  122,    0
156879,20161025,  146,    0
156879,20161026,  139,    0
156879,20161027,  130,    0
156879,20161028,  139,    0
156879,20161029,  139,    0
156879,20161030,  146,    0
156879,20161031,  150,    0
156879,20161101,  138,    1
156879,20161102,   96,    0
156879,20161103,   94,    0
156879,20161104,  110,    1
156879,20161105,   75,    0
156879,20161106,   52,    0
156879,20161107,   65,    0
156879,20161108,   70,    0
156879,20161109,   84,    0
156879,20161110,   99,    0
156879,20161111,   76,    0
156879,20161112,   99,    0
156879,20161113,   96,    0
156879,20161114,  109,    0
156879,20161115,  132,    0
156879,20161116,  132,    0
156879,20161117,  120,    1
156879,20161118,   83,    0
156879,20161119,   89,    0
156879,20161120,   92,    0
156879,20161121,   93,    0
156879,20161122,  108,    1
156879,20161123,   80,    0
156879,20161124,   90,    0
156879,20161125,   90,    1
156879,20161126,   62,    0
156879,20161127,   70,    0
156879,20161128,   86,    1
156879,20161129,   49,    0
156879,20161130,   68,    0
156879,20161201,   67,    0
156879,20161202,   68,    0
156879,20161203,   78,    0
156879,20161204,   71,    0
156879,20161205,   86,    0
156879,20161206,  102,    0
156879,20161207,  108,    0
156879,20161208,  114,    0
156879,20161209,  118,    0
156879,20161210,  108,    0
156879,20161211,   92,    0
156879,20161212,   90,    0
156879,20161213,  110,    0
156879,20161214,  108,    0
156879,20161215,  104,    0
156879,20161216,  101,    0
156879,20161217,  100,    1
156879,20161218,   74,    0
156879,20161219,   67,    0
156879,20161220,   78,    0
156879,20161221,   80,    0
156879,20161222,   84,    0
156879,20161223,   96,    0
156879,20161224,  103,    0
156879,20161225,  108,    1
156879,20161226,   84,    0
156879,20161227,   70,    0
156879,20161228,   82,    0
156879,20161229,   92,    0
156879,20161230,   74,    0
156879,20161231,   72,    0
156879,20170101,   84,    1
156879,20170102,   45,    0
156879,20170103,   39,    0
156879,20170104,   65,    0
156879,20170105,   48,    0
156879,20170106,   58,    0
156879,20170107,   91,    0
156879,20170108,   98,    0
156879,20170109,   94,    0
156879,20170110,   86,    0
156879,20170111,   90,    1
156879,20170112,   81,    1
156879,20170113,   38,    0
156879,20170114,   48,    0
156879,20170115,   65,    0
156879,20170116,   68,    0
156879,20170117,   66,    1
156879,20170118,   39,    0
156879,20170119,   41,    0
156879,20170120,   37,    0
156879,20170121,   35,    0
156879,20170122,   51,    0
156879,20170123,   46,    0
156879,20170124,   44,    0
156879,20170125,   52,    0
156879,20170126,   39,    0
156879,20170127,   50,    0
156879,20170128,   78,    0
156879,20170129,   78,    0
156879,20170130,   90,    0
156879,20170131,   93,    0
156879,20170201,   92,    0
156879,20170202,   94,    1
156879,20170203,   84,    0
156879,20170204,   73,    1
156879,20170205,   62,    0
156879,20170206,   58,    0
156879,20170207,   72,    1
156879,20170208,   54,    1
156879,20170209,   22,    0
156879,20170210,   29,    0
156879,20170211,   18,    0
156879,20170212,   42,    0
156879,20170213,   57,    0
156879,20170214,   80,    0
156879,20170215,   87,    0
156879,20170216,   89,    0
156879,20170217,   88,    0
156879,20170218,   82,    0
156879,20170219,   80,    0
156879,20170220,   93,    0
156879,20170221,   91,    0
156879,20170222,   94,    0
156879,20170223,   96,    0
156879,20170224,   72,    0
156879,20170225,   75,    0
156879,20170226,   93,    1
156879,20170227,   84,    0
156879,20170228,   62,    0
156879,20170301,   70,    0
156879,20170302,   81,    0
156879,20170303,   84,    0
156879,20170304,   86,    0
156879,20170305,   82,    0
156879,20170306,   71,    0
156879,20170307,   72,    0
156879,20170308,   83,    0
156879,20170309,  104,    0
156879,20170310,   82,    0
156879,20170311,   92,    0
156879,20170312,   97,    0
156879,20170313,   93,    0
156879,20170314,   95,    0
156879,20170315,   92,    1
156879,20170316,   75,    0
156879,20170317,   79,    0
156879,20170318,   92,    0
156879,20170319,  100,    0
156879,20170320,  101,    1
156879,20170321,   81,    0
156879,20170322,   82,    0
156879,20170323,   86,    0
156879,20170324,  102,    0
156879,20170325,  108,    0
156879,20170326,  104,    0
156879,20170327,  112,    0
156879,20170328,  102,    0
156879,20170329,  116,    0
156879,20170330,  129,    0
156879,20170331,  117,    0
156879,20170401,  105,    0
156879,20170402,  110,    0
156879,20170403,   89,    0
156879,20170404,  104,    0
156879,20170405,  102,    0
156879,20170406,   93,    0
156879,20170407,   98,    0
156879,20170408,  116,    0
156879,20170409,  136,    1
156879,20170410,  108,    0
156879,20170411,   97,    0
156879,20170412,  101,    0
156879,20170413,  106,    0
156879,20170414,   99,    0
156879,20170415,  112,    0
156879,20170416,   97,    0
156879,20170417,  118,    0
156879,20170418,   86,    0
156879,20170419,   83,    0
156879,20170420,   92,    0
156879,20170421,  112,    0
156879,20170422,  128,    1
156879,20170423,  101,    0
156879,20170424,  111,    0
156879,20170425,   69,    0
156879,20170426,   69,    0
156879,20170427,   75,    0
156879,20170428,   98,    0
156879,20170429,  103,    0
156879,20170430,  115,    0
156879,20170501,  108,    0
156879,20170502,  113,    0
156879,20170503,   98,    0
156879,20170504,  124,    0
156879,20170505,  116,    0
156879,20170506,  138,    0
156879,20170507,  113,    0
156879,20170508,  108,    0
156879,20170509,   93,    0
156879,20170510,  108,    0
156879,20170511,  138,    0
156879,20170512,  132,    0
156879,20170513,  128,    0
156879,20170514,  127,    0
156879,20170515,  125,    0
156879,20170516,  149,    0
156879,20170517,  144,    1
156879,20170518,  116,    0
156879,20170519,  114,    0
156879,20170520,  118,    0
156879,20170521,  141,    0
156879,20170522,  154,    0
156879,20170523,  143,    0
156879,20170524,  158,    0
156879,20170525,  167,    0
156879,20170526,  191,    1
156879,20170527,  143,    0
156879,20170528,  157,    0
156879,20170529,  154,    0
156879,20170530,  143,    0
156879,20170531,  154,    0
156879,20170601,  154,    0
156879,20170602,  169,    1
156879,20170603,  140,    0
156879,20170604,  137,    0
156879,20170605,  143,    0
156879,20170606,  132,    0
156879,20170607,  139,    0
156879,20170608,  147,    0
156879,20170609,  147,    0
156879,20170610,  158,    1
156879,20170611,  148,    0
156879,20170612,  148,    0
156879,20170613,  155,    0
156879,20170614,  169,    1
156879,20170615,  155,    0
156879,20170616,  157,    0
156879,20170617,  179,    0
156879,20170618,  196,    0
156879,20170619,  228,    0
156879,20170620,  211,    0
156879,20170621,  212,    1
156879,20170622,  169,    0
156879,20170623,  159,    0
156879,20170624,  164,    0
156879,20170625,  169,    0
156879,20170626,  169,    0
156879,20170627,  171,    1
156879,20170628,  158,    1
156879,20170629,  138,    0
156879,20170630,  168,    0
156879,20170701,  172,    0
156879,20170702,  178,    0
156879,20170703,  166,    0
156879,20170704,  176,    0
156879,20170705,  191,    0
156879,20170706,  207,    0
156879,20170707,  186,    0
156879,20170708,  184,    0
156879,20170709,  179,    0
156879,20170710,  176,    1
156879,20170711,  162,    0
156879,20170712,  174,    0
156879,20170713,  181,    0
156879,20170714,  181,    0
156879,20170715,  166,    0
156879,20170716,  184,    0
156879,20170717,  200,    0
156879,20170718,  209,    1
156879,20170719,  189,    1
156879,20170720,  166,    0
156879,20170721,  173,    1
156879,20170722,  157,    0
156879,20170723,  152,    0
156879,20170724,  185,    0
156879,20170725,  172,    0
156879,20170726,  171,    0
156879,20170727,  170,    0
156879,20170728,  169,    0
156879,20170729,  169,    0
156879,20170730,  159,    0
156879,20170731,  168,    0
156879,20170801,  169,    0
156879,20170802,  169,    0
156879,20170803,  168,    0
156879,20170804,  168,    0
156879,20170805,  161,    0
156879,20170806,  155,    0
156879,20170807,  168,    1
156879,20170808,  151,    0
156879,20170809,  144,    0
156879,20170810,  165,    0
156879,20170811,  155,    0
156879,20170812,  176,    0
156879,20170813,  168,    0
156879,20170814,  172,    0
156879,20170815,  176,    0
156879,20170816,  172,    0
156879,20170817,  180,    0
156879,20170818,  174,    0
156879,20170819,  167,    0
156879,20170820,  161,    0
156879,20170821,  178,    0
156879,20170822,  176,    0
156879,20170823,  183,    0
156879,20170824,  176,    0
156879,20170825,  175,    0
156879,20170826,  181,    0
156879,20170827,  199,    0
156879,20170828,  191,    0
156879,20170829,  193,    1
156879,20170830,  149,    0
156879,20170831,  155,    0
156879,20170901,  167,    0
156879,20170902,  156,    0
156879,20170903,  165,    0
156879,20170904,  161,    0
156879,20170905,  174,    0
156879,20170906,  168,    0
156879,20170907,  160,    0
156879,20170908,  161,    0
156879,20170909,  144,    0
156879,20170910,  139,    0
156879,20170911,  158,    0
156879,20170912,  153,    0
156879,20170913,  152,    0
156879,20170914,  136,    0
156879,20170915,  128,    0
156879,20170916,  132,    0
156879,20170917,  127,    0
156879,20170918,  137,    0
156879,20170919,  134,    0
156879,20170920,  149,    0
156879,20170921,  158,    0
156879,20170922,  135,    0
156879,20170923,  164,    0
156879,20170924,  174,    0
156879,20170925,  167,    0
156879,20170926,  161,    0
156879,20170927,  168,    0
156879,20170928,  164,    0
156879,20170929,  161,    0
156879,20170930,  146,    0
156879,20171001,  154,    0
156879,20171002,  160,    0
156879,20171003,  131,    0
156879,20171004,  134,    0
156879,20171005,  154,    0
156879,20171006,  125,    0
156879,20171007,  138,    0
156879,20171008,  146,    0
156879,20171009,  146,    0
156879,20171010,  148,    0
156879,20171011,  154,    0
156879,20171012,  152,    0
156879,20171013,  159,    0
156879,20171014,  168,    0
156879,20171015,  164,    0
156879,20171016,  169,    1
156879,20171017,  150,    0
156879,20171018,  144,    0
156879,20171019,  154,    0
156879,20171020,  142,    0
156879,20171021,  140,    0
156879,20171022,  124,    0
156879,20171023,  135,    0
156879,20171024,  149,    0
156879,20171025,  157,    1
156879,20171026,  144,    0
156879,20171027,  133,    0
156879,20171028,  122,    0
156879,20171029,  138,    1
156879,20171030,   92,    0
156879,20171031,  103,    0
156879,20171101,  139,    0
156879,20171102,  112,    0
156879,20171103,  119,    0
156879,20171104,  129,    1
156879,20171105,   91,    0
156879,20171106,   92,    0
156879,20171107,  108,    0
156879,20171108,   83,    0
156879,20171109,   92,    0
156879,20171110,  113,    0
156879,20171111,  123,    1
156879,20171112,   82,    0
156879,20171113,   75,    0
156879,20171114,   83,    0
156879,20171115,  123,    0
156879,20171116,  128,    1
156879,20171117,   77,    0
156879,20171118,   91,    0
156879,20171119,   88,    0
156879,20171120,   96,    0
156879,20171121,  133,    0
156879,20171122,  140,    1
156879,20171123,  112,    1
156879,20171124,   80,    0
156879,20171125,   57,    0
156879,20171126,   82,    0
156879,20171127,   96,    1
156879,20171128,   68,    1
156879,20171129,   42,    0
156879,20171130,   34,    0
156879,20171201,   45,    0
156879,20171202,   57,    0
156879,20171203,   77,    0
156879,20171204,   82,    0
156879,20171205,   95,    0
156879,20171206,   99,    0
156879,20171207,  108,    1
156879,20171208,   50,    0
156879,20171209,   62,    0
156879,20171210,   66,    1
156879,20171211,   25,    0
156879,20171212,   54,    0
156879,20171213,   68,    0
156879,20171214,   71,    1
156879,20171215,   53,    0
156879,20171216,   45,    0
156879,20171217,   67,    0
156879,20171218,   68,    0
156879,20171219,   73,    0
156879,20171220,   80,    0
156879,20171221,   96,    0
156879,20171222,  101,    1
156879,20171223,   95,    0
156879,20171224,   93,    0
156879,20171225,   99,    1
156879,20171226,   75,    1
156879,20171227,   36,    0
156879,20171228,   63,    0
156879,20171229,   72,    0
156879,20171230,   93,    0
156879,20171231,   98,    0
156879,20180101,   86,    0
156879,20180102,   94,    0
156879,20180103,   92,    0
156879,20180104,   99,    1
156879,20180105,   87,    1
156879,20180106,   54,    0
156879,20180107,   48,    0
156879,20180108,   52,    0
156879,20180109,   72,    0
156879,20180110,   85,    1
156879,20180111,   56,    0
156879,20180112,   58,    0
156879,20180113,   72,    0
156879,20180114,   71,    0
156879,20180115,   79,    1
156879,20180116,   68,    0
156879,20180117,   63,    0
156879,20180118,   78,    0
156879,20180119,   68,    0
156879,20180120,   78,    0
156879,20180121,   67,    0
156879,20180122,   77,    0
156879,20180123,   99,    0
156879,20180124,  106,    1
156879,20180125,   83,    0
156879,20180126,   70,    0
156879,20180127,   69,    0
156879,20180128,  101,    0
156879,20180129,  100,    0
156879,20180130,   71,    0
156879,20180131,   83,    0
156879,20180201,   62,    0
156879,20180202,   58,    0
156879,20180203,   57,    0
156879,20180204,   43,    0
156879,20180205,   28,    0
156879,20180206,   25,    0
156879,20180207,   34,    0
156879,20180208,   40,    0
156879,20180209,   59,    0
156879,20180210,   57,    0
156879,20180211,   63,    0
156879,20180212,   50,    0
156879,20180213,   58,    0
156879,20180214,   54,    0
156879,20180215,   70,    0
156879,20180216,   74,    0
156879,20180217,   72,    0
156879,20180218,   68,    0
156879,20180219,   84,    0
156879,20180220,   91,    1
156879,20180221,   53,    0
156879,20180222,   45,    0
156879,20180223,   29,    0
156879,20180224,   31,    0
156879,20180225,   25,    0
156879,20180226,   11,    0
156879,20180227,   -9,    0
156879,20180228,  -19,    0
156879,20180301,  -14,    0
156879,20180302,   12,    0
156879,20180303,   34,    0
156879,20180304,   67,    0
156879,20180305,   62,    0
156879,20180306,   73,    0
156879,20180307,   60,    0
156879,20180308,   65,    0
156879,20180309,   78,    0
156879,20180310,   87,    0
156879,20180311,   86,    1
156879,20180312,   80,    0
156879,20180313,   74,    0
156879,20180314,   72,    0
156879,20180315,   94,    0
156879,20180316,   92,    1
156879,20180317,   28,    1
156879,20180318,    0,    0
156879,20180319,   13,    0
156879,20180320,   39,    0
156879,20180321,   50,    0
156879,20180322,   63,    0
156879,20180323,   78,    0
156879,20180324,   84,    0
156879,20180325,   89,    0
156879,20180326,   75,    0
156879,20180327,   78,    0
156879,20180328,   75,    0
156879,20180329,   65,    0
156879,20180330,   64,    0
156879,20180331,   55,    0
156879,20180401,   63,    0
156879,20180402,   75,    0
156879,20180403,   89,    0
156879,20180404,   81,    0
156879,20180405,   72,    0
156879,20180406,   93,    0
156879,20180407,   92,    0
156879,20180408,   92,    0
156879,20180409,   93,    0
156879,20180410,  108,    0
156879,20180411,  117,    0
156879,20180412,   99,    1
156879,20180413,   85,    0
156879,20180414,   86,    0
156879,20180415,   93,    0
156879,20180416,   98,    0
156879,20180417,  124,    0
156879,20180418,  138,    0
156879,20180419,  152,    0
156879,20180420,  148,    0
156879,20180421,  138,    0
156879,20180422,  124,    1
156879,20180423,  102,    0
156879,20180424,  103,    0
156879,20180425,  102,    0
156879,20180426,   99,    0
156879,20180427,   92,    0
156879,20180428,   99,    1
156879,20180429,   82,    0
156879,20180430,   78,    0
156879,20180501,   77,    0
156879,20180502,  111,    0
156879,20180503,   96,    0
156879,20180504,  126,    0
156879,20180505,  132,    0
156879,20180506,  161,    0
156879,20180507,  162,    0
156879,20180508,  142,    1
156879,20180509,  110,    0
156879,20180510,  111,    0
156879,20180511,  105,    0
156879,20180512,  103,    0
156879,20180513,  121,    0
156879,20180514,  148,    0
156879,20180515,  180,    1
156879,20180516,  147,    1
156879,20180517,  107,    0
156879,20180518,  105,    0
156879,20180519,  108,    0
156879,20180520,  132,    0
156879,20180521,  148,    0
156879,20180522,  178,    0
156879,20180523,  151,    0
156879,20180524,  136,    0
156879,20180525,  163,    0
156879,20180526,  191,    0
156879,20180527,  178,    0
156879,20180528,  192,    0
156879,20180529,  174,    1
156879,20180530,  154,    0
156879,20180531,  165,    1
156879,20180601,  133,    0
156879,20180602,  160,    0
156879,20180603,  168,    0
156879,20180604,  183,    1
156879,20180605,  150,    0
156879,20180606,  150,    0
156879,20180607,  151,    0
156879,20180608,  156,    0
156879,20180609,  155,    0
156879,20180610,  178,    0
156879,20180611,  186,    0
156879,20180612,  169,    0
156879,20180613,  144,    0
156879,20180614,  151,    0
156879,20180615,  144,    0
156879,20180616,  145,    0
156879,20180617,  146,    0
156879,20180618,  153,    0
156879,20180619,  161,    1
156879,20180620,  147,    0
156879,20180621,  158,    0
156879,20180622,  138,    0
156879,20180623,  163,    0
156879,20180624,  171,    0
156879,20180625,  162,    0
156879,20180626,  185,    0
156879,20180627,  166,    0
156879,20180628,  202,    0
156879,20180629,  206,    0
156879,20180630,  198,    0
156879,20180701,  225,    0
156879,20180702,  245,    1
156879,20180703,  196,    0
156879,20180704,  181,    0
156879,20180705,  187,    0
156879,20180706,  203,    0
156879,20180707,  224,    0
156879,20180708,  225,    0
156879,20180709,  202,    0
156879,20180710,  188,    0
156879,20180711,  176,    0
156879,20180712,  178,    0
156879,20180713,  180,    0
156879,20180714,  179,    0
156879,20180715,  194,    0
156879,20180716,  194,    1
156879,20180717,  172,    0
156879,20180718,  191,    0
156879,20180719,  197,    0
156879,20180720,  198,    0
156879,20180721,  190,    0
156879,20180722,  198,    0
156879,20180723,  194,    0
156879,20180724,  200,    0
156879,20180725,  203,    0
156879,20180726,  220,    1
156879,20180727,  191,    1
156879,20180728,  174,    0
156879,20180729,  178,    0
156879,20180730,  181,    0
156879,20180731,  176,    0
156879,20180801,  181,    0
156879,20180802,  195,    0
156879,20180803,  209,    0
156879,20180804,  229,    0
156879,20180805,  204,    0
156879,20180806,  196,    0
156879,20180807,  204,    1
156879,20180808,  174,    0
156879,20180809,  170,    0
156879,20180810,  167,    0
156879,20180811,  152,    0
156879,20180812,  171,    0
156879,20180813,  176,    0
156879,20180814,  179,    0
156879,20180815,  186,    1
156879,20180816,  176,    0
156879,20180817,  166,    0
156879,20180818,  181,    0
156879,20180819,  184,    0
156879,20180820,  186,    0
156879,20180821,  186,    0
156879,20180822,  181,    0
156879,20180823,  186,    1
156879,20180824,  156,    0
156879,20180825,  142,    0
156879,20180826,  158,    0
156879,20180827,  161,    0
156879,20180828,  172,    0
156879,20180829,  164,    0
156879,20180830,  160,    0
156879,20180831,  177,    0
156879,20180901,  186,    0
156879,20180902,  188,    0
156879,20180903,  177,    0
156879,20180904,  177,    0
156879,20180905,  181,    0
156879,20180906,  161,    0
156879,20180907,  143,    0
156879,20180908,  150,    0
156879,20180909,  176,    0
156879,20180910,  172,    0
156879,20180911,  176,    1
156879,20180912,  141,    0
156879,20180913,  147,    0
156879,20180914,  150,    0
156879,20180915,  161,    0
156879,20180916,  176,    0
156879,20180917,  191,    0
156879,20180918,  184,    0
156879,20180919,  184,    0
156879,20180920,  184,    1
156879,20180921,  145,    1
156879,20180922,  134,    0
156879,20180923,  120,    0
156879,20180924,  122,    0
156879,20180925,  134,    0
156879,20180926,  149,    0
156879,20180927,  154,    0
156879,20180928,  144,    0
156879,20180929,  132,    0
156879,20180930,  128,    0
156879,20181001,  121,    0
156879,20181002,  145,    0
156879,20181003,  157,    0
156879,20181004,  162,    0
156879,20181005,  170,    1
156879,20181006,  127,    0
156879,20181007,  104,    0
156879,20181008,  126,    0
156879,20181009,  165,    0
156879,20181010,  167,    0
156879,20181011,  162,    0
156879,20181012,  170,    0
156879,20181013,  184,    1
156879,20181014,  128,    0
156879,20181015,  143,    0
156879,20181016,  152,    0
156879,20181017,  151,    0
156879,20181018,  139,    0
156879,20181019,  134,    0
156879,20181020,  132,    0
156879,20181021,  142,    1
156879,20181022,  110,    0
156879,20181023,  118,    0
156879,20181024,  139,    1
156879,20181025,   92,    0
156879,20181026,   99,    1
156879,20181027,   58,    0
156879,20181028,   70,    0
156879,20181029,   62,    0
156879,20181030,   78,    0
156879,20181031,   92,    0
156879,20181101,  127,    0
156879,20181102,   94,    0
156879,20181103,  109,    0
156879,20181104,  121,    0
156879,20181105,  139,    0
156879,20181106,  140,    0
156879,20181107,  134,    0
156879,20181108,  120,    0
156879,20181109,  128,    0
156879,20181110,  128,    0
156879,20181111,  119,    0
156879,20181112,  122,    0
156879,20181113,  118,    0
156879,20181114,  128,    0
156879,20181115,  127,    0
156879,20181116,  124,    1
156879,20181117,  102,    0
156879,20181118,   89,    0
156879,20181119,   75,    0
156879,20181120,   58,    0
156879,20181121,   55,    0
156879,20181122,   79,    0
156879,20181123,   86,    0
156879,20181124,   87,    0
156879,20181125,   78,    0
156879,20181126,   67,    0
156879,20181127,   80,    0
156879,20181128,  111,    0
156879,20181129,  129,    1
156879,20181130,  109,    0
156879,20181201,  111,    0
156879,20181202,  118,    0
156879,20181203,  128,    1
156879,20181204,   91,    0
156879,20181205,   96,    0
156879,20181206,  119,    0
156879,20181207,  119,    0
156879,20181208,  101,    0
156879,20181209,  107,    1
156879,20181210,   86,    0
156879,20181211,   87,    0
156879,20181212,   87,    1
156879,20181213,   65,    1
156879,20181214,   43,    0
156879,20181215,   79,    0
156879,20181216,   78,    0
156879,20181217,  102,    0
156879,20181218,  104,    0
156879,20181219,   93,    0
156879,20181220,   91,    0
156879,20181221,  105,    0
156879,20181222,  111,    0
156879,20181223,  108,    1
156879,20181224,   83,    0
156879,20181225,   86,    0
156879,20181226,   92,    1
156879,20181227,   72,    0
156879,20181228,   77,    0
156879,20181229,   96,    0
156879,20181230,   99,    1
156879,20181231,   92,    0
903866,20190101,   97,    0
903866,20190102,   43,    0
903866,20190103,   51,    0
903866,20190104,   42,    0
903866,20190105,   22,    0
903866,20190106,   70,    0
903866,20190107,   89,    0
903866,20190108,   85,    0
903866,20190109,   53,    0
903866,20190110,   33,    0
903866,20190111,   68,    0
903866,20190112,   78,    0
903866,20190113,   99,    0
903866,20190114,   88,    0
903866,20190115,   84,    0
903866,20190116,   88,    0
903866,20190117,   49,    0
903866,20190118,   39,    0
903866,20190119,   64,    0
903866,20190120,   37,    0
903866,20190121,   35,    0
903866,20190122,   58,    0
903866,20190123,   28,    0
903866,20190124,   37,    0
903866,20190125,   82,    0
903866,20190126,   89,    0
903866,20190127,   72,    0
903866,20190128,   43,    0
903866,20190129,   47,    0
903866,20190130,   36,    0
903866,20190131,   32,    0
903866,20190201,   21,    0
903866,20190202,   31,    0
903866,20190203,   36,    0
903866,20190204,   78,    0
903866,20190205,   72,    0
903866,20190206,   84,    0
903866,20190207,   84,    0
903866,20190208,   93,    0
903866,20190209,   83,    0
903866,20190210,   73,    0
903866,20190211,   81,    0
903866,20190212,   79,    0
903866,20190213,   84,    0
903866,20190214,   81,    0
903866,20190215,   92,    0
903866,20190216,   82,    0
903866,20190217,   95,    0
903866,20190218,   84,    0
903866,20190219,   83,    0
903866,20190220,   90,    0
903866,20190221,   94,    0
903866,20190222,   68,    0
903866,20190223,   85,    0
903866,20190224,   93,    0
903866,20190225,  105,    0
903866,20190226,  110,    0
903866,20190227,  102,    0
903866,20190228,   96,    0
903866,20190301,   94,    0
903866,20190302,   95,    0
903866,20190303,  105,    0
903866,20190304,   74,    0
903866,20190305,   77,    0
903866,20190306,  100,    0
903866,20190307,   92,    0
903866,20190308,   81,    0
903866,20190309,   95,    0
903866,20190310,   95,    0
903866,20190311,   70,    0
903866,20190312,   92,    0
903866,20190313,   86,    0
903866,20190314,  101,    0
903866,20190315,  103,    0
903866,20190316,  100,    0
903866,20190317,   77,    0
903866,20190318,   81,    0
903866,20190319,   89,    0
903866,20190320,   97,    0
903866,20190321,   97,    0
903866,20190322,   91,    0
903866,20190323,  106,    0
903866,20190324,   88,    0
903866,20190325,   98,    0
903866,20190326,   86,    0
903866,20190327,  101,    0
903866,20190328,   91,    0
903866,20190329,   96,    0
903866,20190330,  119,    0
903866,20190331,  111,    0
903866,20190401,   88,    0
903866,20190402,   85,    0
903866,20190403,   52,    0
903866,20190404,   63,    0
903866,20190405,   88,    0
903866,20190406,  104,    0
903866,20190407,   98,    0
903866,20190408,   95,    0
903866,20190409,  107,    0
903866,20190410,   93,    0
903866,20190411,   64,    0
903866,20190412,   73,    0
903866,20190413,   68,    0
903866,20190414,   58,    0
903866,20190415,   89,    0
903866,20190416,  116,    0
903866,20190417,  105,    0
903866,20190418,  138,    0
903866,20190419,  166,    0
903866,20190420,  179,    0
903866,20190421,  164,    0
903866,20190422,  136,    0
903866,20190423,  144,    0
903866,20190424,  119,    0
903866,20190425,  118,    0
903866,20190426,  110,    0
903866,20190427,   96,    0
903866,20190428,  113,    0
903866,20190429,  116,    0
903866,20190430,  107,    0
903866,20190501,  102,    0
903866,20190502,  108,    0
903866,20190503,  109,    0
903866,20190504,   83,    0
903866,20190505,   83,    0
903866,20190506,   92,    0
903866,20190507,  105,    0
903866,20190508,  111,    0
903866,20190509,  116,    0
903866,20190510,   99,    0
903866,20190511,  125,    0
903866,20190512,  119,    0
903866,20190513,  111,    0
903866,20190514,  116,    0
903866,20190515,  124,    0
903866,20190516,  125,    0
903866,20190517,  105,    0
903866,20190518,  132,    0
903866,20190519,  136,    0
903866,20190520,  143,    0
903866,20190521,  148,    0
903866,20190522,  148,    0
903866,20190523,  138,    0
903866,20190524,  145,    0
903866,20190525,  148,    0
903866,20190526,  138,    0
903866,20190527,  133,    0
903866,20190528,  140,    0
903866,20190529,  118,    0
903866,20190530,  138,    0
903866,20190531,  141,    0
903866,20190601,  150,    0
903866,20190602,  162,    0
903866,20190603,  138,    0
903866,20190604,  141,    0
903866,20190605,  135,    0
903866,20190606,  141,    0
903866,20190607,  143,    0
903866,20190608,  132,    0
903866,20190609,  128,    0
903866,20190610,  122,    0
903866,20190611,  132,    0
903866,20190612,  139,    0
903866,20190613,  128,    0
903866,20190614,  138,    0
903866,20190615,  148,    0
903866,20190616,  144,    0
903866,20190617,  153,    0
903866,20190618,  141,    0
903866,20190619,  161,    0
903866,20190620,  146,    0
903866,20190621,  143,    0
903866,20190622,  146,    0
903866,20190623,  176,    0
903866,20190624,  173,    0
903866,20190625,  183,    0
903866,20190626,  206,    0
903866,20190627,-9999,    9
903866,20190628,  188,    0
903866,20190629,  218,    0
903866,20190630,  163,    0
903866,20190701,-9999,    9
903866,20190702,  157,    0
903866,20190703,  177,    0
903866,20190704,  166,    0
903866,20190705,  186,    0
903866,20190706,  189,    0
903866,20190707,  168,    0
903866,20190708,  166,    0
903866,20190709,  167,    0
903866,20190710,  179,    0
903866,20190711,  184,    0
903866,20190712,  188,    0
903866,20190713,  186,    0
903866,20190714,  184,    0
903866,20190715,  166,    0
903866,20190716,  166,    0
903866,20190717,  172,    0
903866,20190718,  183,    0
903866,20190719,  160,    0
903866,20190720,  171,    0
903866,20190721,  171,    0
903866,20190722,  184,    0
903866,20190723,  209,    0
903866,20190724,  195,    0
903866,20190725,  219,    0
903866,20190726,  190,    0
903866,20190727,  186,    0
903866,20190728,  174,    0
903866,20190729,  186,    0
903866,20190730,  183,    0
903866,20190731,  178,    0
903866,20190801,  175,    0
903866,20190802,  200,    0
903866,20190803,  190,    0
903866,20190804,  187,    0
903866,20190805,  181,    0
903866,20190806,  176,    0
903866,20190807,  182,    0
903866,20190808,  192,    0
903866,20190809,  196,    0
903866,20190810,  176,    0
903866,20190811,  173,    0
903866,20190812,  160,    0
903866,20190813,  161,    0
903866,20190814,  167,    0
903866,20190815,  186,    0
903866,20190816,  173,    0
903866,20190817,  173,    0
903866,20190818,  168,    0
903866,20190819,  171,    0
903866,20190820,  166,    0
903866,20190821,  166,    0
903866,20190822,  173,    0
903866,20190823,  183,    0
903866,20190824,  201,    0
903866,20190825,  211,    0
903866,20190826,  173,    0
903866,20190827,  207,    0
903866,20190828,  184,    0
903866,20190829,  159,    0
903866,20190830,  178,    0
903866,20190831,  173,    0
903866,20190901,  161,    0
903866,20190902,  151,    0
903866,20190903,  177,    0
903866,20190904,  174,    0
903866,20190905,  146,    0
903866,20190906,  146,    0
903866,20190907,  158,    0
903866,20190908,  137,    0
903866,20190909,  151,    0
903866,20190910,  153,    0
903866,20190911,  160,    0
903866,20190912,  176,    0
903866,20190913,  176,    0
903866,20190914,  162,    0
903866,20190915,  161,    0
903866,20190916,  171,    0
903866,20190917,  161,    0
903866,20190918,  144,    0
903866,20190919,  156,    0
903866,20190920,  169,    0
903866,20190921,  181,    0
903866,20190922,  184,    0
903866,20190923,  167,    0
903866,20190924,  171,    0
903866,20190925,  164,    0
903866,20190926,  171,    0
903866,20190927,  162,    0
903866,20190928,  163,    0
903866,20190929,  159,    0
903866,20190930,  154,    0
903866,20191001,  169,    0
903866,20191002,  113,    0
903866,20191003,  122,    0
903866,20191004,  153,    0
903866,20191005,  143,    0
903866,20191006,  156,    0
903866,20191007,  135,    0
903866,20191008,  155,    0
903866,20191009,-9999,    9
903866,20191010,-9999,    9
903866,20191011,-9999,    9
903866,20191012,-9999,    9
903866,20191013,-9999,    9
903866,20191014,-9999,    9
903866,20191015,-9999,    9
903866,20191016,  148,    0
903866,20191017,  127,    0
903866,20191018,  128,    0
903866,20191019,  134,    0
903866,20191020,  107,    0
903866,20191021,  115,    0
903866,20191022,  121,    0
903866,20191023,  125,    0
903866,20191024,  135,    0
903866,20191025,  148,    0
903866,20191026,  160,    0
903866,20191027,   93,    0
903866,20191028,   86,    0
903866,20191029,-9999,    9
903866,20191030,-9999,    9
903866,20191031,  113,    0
903866,20191101,  133,    0
903866,20191102,  128,    0
903866,20191103,  115,    0
903866,20191104,  122,    0
903866,20191105,  106,    0
903866,20191106,   93,    0
903866,20191107,   93,    0
903866,20191108,   70,    0
903866,20191109,   73,    0
903866,20191110,   75,    0
903866,20191111,   88,    0
903866,20191112,   85,    0
903866,20191113,   85,    0
903866,20191114,   53,    0
903866,20191115,   64,    0
903866,20191116,   68,    0
903866,20191117,   71,    0
903866,20191118,   75,    0
903866,20191119,   75,    0
903866,20191120,   88,    0
903866,20191121,   89,    0
903866,20191122,  101,    0
903866,20191123,  110,    0
903866,20191124,  110,    0
903866,20191125,  115,    0
903866,20191126,  208,    0
903866,20191127,-9999,    9
903866,20191128,-9999,    9
903866,20191129,   76,    0
903866,20191130,   76,    0
903866,20191201,   64,    0
903866,20191202,   50,    0
903866,20191203,   68,    0
903866,20191204,   82,    0
903866,20191205,   70,    0
903866,20191206,  113,    0
903866,20191207,  107,    0
903866,20191208,  109,    0
903866,20191209,   94,    0
903866,20191210,   82,    0
903866,20191211,   91,    0
903866,20191212,   81,    0
903866,20191213,   82,    0
903866,20191214,   84,    0
903866,20191215,   93,    0
903866,20191216,   86,    0
903866,20191217,   75,    0
903866,20191218,   86,    0
903866,20191219,  113,    0
903866,20191220,-9999,    9
903866,20191221,   95,    0
903866,20191222,   94,    0
903866,20191223,   95,    0
903866,20191224,   98,    0
903866,20191225,   84,    0
903866,20191226,   90,    0
903866,20191227,   81,    0
903866,20191228,   86,    0
903866,20191229,   85,    0
903866,20191230,   85,    0
903866,20191231,   79,    0
903866,20200101,   72,    0
903866,20200102,   91,    0
903866,20200103,  103,    0
903866,20200104,   72,    0
903866,20200105,   85,    0
903866,20200106,   86,    0
903866,20200107,  100,    0
903866,20200108,  102,    0
903866,20200109,  104,    0
903866,20200110,   72,    0
903866,20200111,   92,    0
903866,20200112,  101,    0
903866,20200113,   98,    0
903866,20200114,   99,    0
903866,20200115,   91,    0
903866,20200116,  103,    0
903866,20200117,   94,    0
903866,20200118,   63,    0
903866,20200119,   48,    0
903866,20200120,   67,    0
903866,20200121,   60,    0
903866,20200122,   47,    0
903866,20200123,   66,    0
903866,20200124,   62,    0
903866,20200125,   69,    0
903866,20200126,   83,    0
903866,20200127,   87,    0
903866,20200128,   61,    0
903866,20200129,   78,    0
903866,20200130,   94,    0
903866,20200131,   95,    0
903866,20200201,   98,    0
903866,20200202,   97,    0
903866,20200203,  100,    0
903866,20200204,   75,    0
903866,20200205,   76,    0
903866,20200206,-9999,    9
903866,20200207,-9999,    9
903866,20200208,-9999,    9
903866,20200209,-9999,    9
903866,20200210,-9999,    9
903866,20200211,-9999,    9
903866,20200212,-9999,    9
903866,20200213,-9999,    9
903866,20200214,   81,    0
903866,20200215,  105,    0
903866,20200216,  110,    0
903866,20200217,   86,    0
903866,20200218,   84,    0
903866,20200219,   67,    0
903866,20200220,   91,    0
903866,20200221,   82,    0
903866,20200222,   99,    0
903866,20200223,  101,    0
903866,20200224,   85,    0
903866,20200225,   81,    0
903866,20200226,   55,    0
903866,20200227,   67,    0
903866,20200228,   71,    0
903866,20200229,   96,    0
903866,20200301,   69,    0
903866,20200302,   73,    0
903866,20200303,   81,    0
903866,20200304,   70,    0
903866,20200305,   60,    0
903866,20200306,   60,    0
903866,20200307,   72,    0
903866,20200308,   95,    0
903866,20200309,   85,    0
903866,20200310,   93,    0
903866,20200311,  101,    0
903866,20200312,   83,    0
903866,20200313,   90,    0
903866,20200314,   90,    0
903866,20200315,   95,    0
903866,20200316,   79,    0
903866,20200317,   87,    0
903866,20200318,   93,    0
903866,20200319,  105,    0
903866,20200320,   71,    0
903866,20200321,   77,    0
903866,20200322,   76,    0
903866,20200323,   72,    0
903866,20200324,   85,    0
903866,20200325,   76,    0
903866,20200326,   74,    0
903866,20200327,   83,    0
903866,20200328,   88,    0
903866,20200329,   62,    0
903866,20200330,   53,    0
903866,20200331,   68,    0
903866,20200401,   58,    0
903866,20200402,   88,    0
903866,20200403,   99,    0
903866,20200404,   96,    0
903866,20200405,  113,    0
903866,20200406,  111,    0
903866,20200407,  103,    0
903866,20200408,  133,    0
903866,20200409,  136,    0
903866,20200410,  148,    0
903866,20200411,  143,    0
903866,20200412,  137,    0
903866,20200413,  101,    0
903866,20200414,   71,    0
903866,20200415,   92,    0
903866,20200416,  120,    0
903866,20200417,  115,    0
903866,20200418,   99,    0
903866,20200419,  110,    0
903866,20200420,  125,    0
903866,20200421,  140,    0
903866,20200422,  139,    0
903866,20200423,  139,    0
903866,20200424,  123,    0
903866,20200425,  105,    0
903866,20200426,  106,    0
903866,20200427,  104,    0
903866,20200428,   96,    0
903866,20200429,   98,    0
903866,20200430,  101,    0
903866,20200501,  106,    0
903866,20200502,  110,    0
903866,20200503,  110,    0
903866,20200504,  124,    0
903866,20200505,  113,    0
903866,20200506,-9999,    9
903866,20200507,  130,    0
903866,20200508,  141,    0
903866,20200509,  157,    0
903866,20200510,  147,    0
903866,20200511,   92,    0
903866,20200512,   76,    0
903866,20200513,  103,    0
903866,20200514,   89,    0
903866,20200515,   90,    0
903866,20200516,  113,    0
903866,20200517,  116,    0
903866,20200518,  125,    0
903866,20200519,  130,    0
903866,20200520,  146,    0
903866,20200521,  146,    0
903866,20200522,  133,    0
903866,20200523,  131,    0
903866,20200524,  139,    0
903866,20200525,  148,    0
903866,20200526,  168,    0
903866,20200527,  166,    0
903866,20200528,  152,    0
903866,20200529,  151,    0
903866,20200530,  162,    0
903866,20200531,  171,    0
156879,20200601,-9999,    9
156879,20200602,-9999,    9
156879,20200603,-9999,    9
156879,20200604,-9999,    9
156879,20200605,-9999,    9
156879,20200606,-9999,    9
156879,20200607,-9999,    9
156879,20200608,-9999,    9
156879,20200609,-9999,    9
156879,20200610,-9999,    9
156879,20200611,-9999,    9
156879,20200612,-9999,    9
156879,20200613,-9999,    9
156879,20200614,-9999,    9
156879,20200615,-9999,    9
156879,20200616,-9999,    9
156879,20200617,-9999,    9
156879,20200618,-9999,    9
156879,20200619,-9999,    9
156879,20200620,-9999,    9
156879,20200621,-9999,    9
156879,20200622,-9999,    9
156879,20200623,-9999,    9
156879,20200624,-9999,    9
156879,20200625,-9999,    9
156879,20200626,-9999,    9
156879,20200627,-9999,    9
156879,20200628,-9999,    9
156879,20200629,-9999,    9
156879,20200630,-9999,    9
