EUROPEAN CLIMATE ASSESSMENT & DATASET (ECA&D), file created on 14-08-2020
THESE DATA CAN BE USED FREELY PROVIDED THAT THE FOLLOWING SOURCE IS ACKNOWLEDGED:

Klein Tank, A.M.G. and Coauthors, 2002. Daily dataset of 20th-century surface
air temperature and precipitation series for the European Climate Assessment.
Int. J. of Climatol., 22, 1441-1453.
Data and metadata available at http://www.ecad.eu

FILE FORMAT (MISSING VALUE CODE IS -9999):

01-06 SOUID: Source identifier
08-15 DATE : Date YYYYMMDD
17-21 TG   : mean temperature in 0.1 &#176;C
23-27 Q_TG : Quality code for TG (0='valid'; 1='suspect'; 9='missing')

This is the blended series of station UNITED KINGDOM, MORECAMBE NO 2 (STAID: 11108).
Blended and updated with sources: 156867 
See file sources.txt and stations.txt for more info.

 SOUID,    DATE,   TG, Q_TG
156867,20130101,   65,    0
156867,20130102,   77,    0
156867,20130103,   80,    0
156867,20130104,   91,    0
156867,20130105,   98,    1
156867,20130106,   86,    0
156867,20130107,   86,    0
156867,20130108,   90,    1
156867,20130109,   23,    1
156867,20130110,   12,    0
156867,20130111,   21,    0
156867,20130112,   32,    1
156867,20130113,    7,    0
156867,20130114,   24,    0
156867,20130115,   10,    0
156867,20130116,   -3,    0
156867,20130117,    9,    0
156867,20130118,    6,    0
156867,20130119,    8,    0
156867,20130120,   18,    1
156867,20130121,   14,    0
156867,20130122,   17,    0
156867,20130123,   11,    0
156867,20130124,   22,    0
156867,20130125,   20,    0
156867,20130126,   48,    0
156867,20130127,   53,    0
156867,20130128,   66,    0
156867,20130129,   84,    1
156867,20130130,   74,    0
156867,20130131,   69,    1
156867,20130201,   61,    0
156867,20130202,   41,    0
156867,20130203,   43,    0
156867,20130204,   68,    1
156867,20130205,   38,    0
156867,20130206,   44,    0
156867,20130207,   30,    0
156867,20130208,   39,    0
156867,20130209,   31,    0
156867,20130210,   31,    0
156867,20130211,   34,    0
156867,20130212,   24,    0
156867,20130213,   28,    0
156867,20130214,   38,    0
156867,20130215,   61,    0
156867,20130216,   67,    0
156867,20130217,   70,    0
156867,20130218,   54,    0
156867,20130219,   31,    0
156867,20130220,   25,    0
156867,20130221,   24,    0
156867,20130222,   18,    0
156867,20130223,   22,    0
156867,20130224,   29,    0
156867,20130225,   44,    0
156867,20130226,   50,    0
156867,20130227,   26,    0
156867,20130228,   34,    0
156867,20130301,   45,    0
156867,20130302,   22,    0
156867,20130303,   52,    0
156867,20130304,   52,    0
156867,20130305,   45,    0
156867,20130306,   56,    0
156867,20130307,   81,    1
156867,20130308,   67,    1
156867,20130309,   47,    0
156867,20130310,   37,    1
156867,20130311,   -6,    0
156867,20130312,   18,    0
156867,20130313,   30,    0
156867,20130314,   10,    0
156867,20130315,   52,    0
156867,20130316,   52,    0
156867,20130317,   34,    0
156867,20130318,   32,    0
156867,20130319,   42,    0
156867,20130320,   36,    0
156867,20130321,   24,    1
156867,20130322,   16,    0
156867,20130323,   14,    0
156867,20130324,   19,    0
156867,20130325,   28,    0
156867,20130326,   27,    0
156867,20130327,   24,    0
156867,20130328,   26,    0
156867,20130329,   19,    0
156867,20130330,   17,    0
156867,20130331,   24,    0
156867,20130401,   40,    0
156867,20130402,   33,    0
156867,20130403,   44,    0
156867,20130404,   44,    0
156867,20130405,   48,    0
156867,20130406,   32,    0
156867,20130407,   44,    0
156867,20130408,   55,    0
156867,20130409,   47,    0
156867,20130410,   49,    0
156867,20130411,   60,    0
156867,20130412,   71,    0
156867,20130413,   94,    0
156867,20130414,  117,    0
156867,20130415,  121,    0
156867,20130416,  112,    0
156867,20130417,  112,    0
156867,20130418,   97,    0
156867,20130419,   89,    0
156867,20130420,   77,    0
156867,20130421,   77,    0
156867,20130422,   86,    0
156867,20130423,  101,    0
156867,20130424,  103,    0
156867,20130425,   91,    0
156867,20130426,   75,    0
156867,20130427,   69,    0
156867,20130428,   71,    0
156867,20130429,   82,    0
156867,20130430,   89,    0
156867,20130501,   79,    0
156867,20130502,   76,    0
156867,20130503,  112,    0
156867,20130504,  103,    0
156867,20130505,  118,    0
156867,20130506,  120,    0
156867,20130507,  148,    0
156867,20130508,  155,    1
156867,20130509,   92,    0
156867,20130510,  108,    0
156867,20130511,   89,    0
156867,20130512,   88,    0
156867,20130513,   90,    0
156867,20130514,   82,    0
156867,20130515,   93,    0
156867,20130516,   96,    0
156867,20130517,  106,    0
156867,20130518,  100,    0
156867,20130519,  121,    0
156867,20130520,  136,    0
156867,20130521,  135,    0
156867,20130522,  117,    1
156867,20130523,   83,    0
156867,20130524,   92,    0
156867,20130525,   90,    0
156867,20130526,   92,    0
156867,20130527,   93,    0
156867,20130528,  109,    0
156867,20130529,  119,    0
156867,20130530,  143,    0
156867,20130531,  125,    0
156867,20130601,  118,    0
156867,20130602,  121,    0
156867,20130603,  127,    0
156867,20130604,  159,    0
156867,20130605,  144,    0
156867,20130606,  155,    0
156867,20130607,  161,    0
156867,20130608,  154,    0
156867,20130609,  144,    0
156867,20130610,  143,    0
156867,20130611,  146,    0
156867,20130612,  147,    0
156867,20130613,  137,    0
156867,20130614,  139,    0
156867,20130615,  135,    0
156867,20130616,  143,    0
156867,20130617,  165,    0
156867,20130618,  174,    0
156867,20130619,  158,    0
156867,20130620,  145,    0
156867,20130621,  167,    0
156867,20130622,  136,    0
156867,20130623,  134,    0
156867,20130624,  133,    0
156867,20130625,  130,    0
156867,20130626,  144,    1
156867,20130627,  134,    0
156867,20130628,  137,    0
156867,20130629,  138,    0
156867,20130630,  155,    0
156867,20130701,  144,    0
156867,20130702,  134,    0
156867,20130703,  151,    0
156867,20130704,  163,    0
156867,20130705,  155,    0
156867,20130706,  150,    0
156867,20130707,  174,    0
156867,20130708,  208,    0
156867,20130709,  198,    0
156867,20130710,  202,    0
156867,20130711,  172,    0
156867,20130712,  190,    0
156867,20130713,  184,    0
156867,20130714,  168,    0
156867,20130715,  162,    0
156867,20130716,  170,    0
156867,20130717,  191,    0
156867,20130718,  207,    0
156867,20130719,  232,    0
156867,20130720,  201,    0
156867,20130721,  185,    0
156867,20130722,  208,    0
156867,20130723,  213,    0
156867,20130724,  188,    0
156867,20130725,  200,    0
156867,20130726,  176,    0
156867,20130727,  197,    0
156867,20130728,  185,    0
156867,20130729,  189,    0
156867,20130730,  181,    0
156867,20130731,  185,    0
156867,20130801,  217,    0
156867,20130802,  193,    0
156867,20130803,  186,    0
156867,20130804,  184,    1
156867,20130805,  167,    0
156867,20130806,  160,    0
156867,20130807,  158,    0
156867,20130808,  154,    0
156867,20130809,  160,    0
156867,20130810,  161,    0
156867,20130811,  160,    0
156867,20130812,  153,    0
156867,20130813,  158,    0
156867,20130814,  176,    0
156867,20130815,  187,    0
156867,20130816,  174,    0
156867,20130817,  161,    0
156867,20130818,  160,    0
156867,20130819,  158,    0
156867,20130820,  172,    0
156867,20130821,  170,    0
156867,20130822,  178,    0
156867,20130823,  194,    1
156867,20130824,  168,    0
156867,20130825,  154,    0
156867,20130826,  170,    0
156867,20130827,  155,    0
156867,20130828,  144,    0
156867,20130829,  165,    0
156867,20130830,  177,    1
156867,20130831,  145,    0
156867,20130901,  153,    0
156867,20130902,  173,    0
156867,20130903,  180,    0
156867,20130904,  175,    0
156867,20130905,  156,    1
156867,20130906,  127,    0
156867,20130907,  122,    0
156867,20130908,  122,    0
156867,20130909,  132,    0
156867,20130910,  133,    0
156867,20130911,  123,    0
156867,20130912,  150,    1
156867,20130913,  135,    0
156867,20130914,  131,    0
156867,20130915,  127,    1
156867,20130916,  110,    0
156867,20130917,  111,    0
156867,20130918,  110,    0
156867,20130919,  126,    0
156867,20130920,  125,    0
156867,20130921,  142,    0
156867,20130922,  154,    0
156867,20130923,  133,    0
156867,20130924,  157,    0
156867,20130925,  155,    0
156867,20130926,  147,    0
156867,20130927,  167,    0
156867,20130928,  142,    0
156867,20130929,  153,    0
156867,20130930,  142,    0
156867,20131001,  147,    0
156867,20131002,  157,    0
156867,20131003,  172,    0
156867,20131004,  174,    1
156867,20131005,  144,    0
156867,20131006,  143,    0
156867,20131007,  155,    0
156867,20131008,  155,    1
156867,20131009,  127,    1
156867,20131010,   97,    0
156867,20131011,  109,    0
156867,20131012,  123,    0
156867,20131013,  118,    0
156867,20131014,  113,    0
156867,20131015,  117,    0
156867,20131016,   98,    0
156867,20131017,  119,    0
156867,20131018,  123,    0
156867,20131019,  155,    1
156867,20131020,  136,    0
156867,20131021,  139,    0
156867,20131022,  146,    1
156867,20131023,  130,    0
156867,20131024,  119,    0
156867,20131025,  136,    0
156867,20131026,  137,    0
156867,20131027,  125,    1
156867,20131028,  111,    0
156867,20131029,  100,    0
156867,20131030,   99,    0
156867,20131031,  109,    0
156867,20131101,  103,    0
156867,20131102,   70,    0
156867,20131103,   89,    0
156867,20131104,   47,    0
156867,20131105,   60,    0
156867,20131106,   80,    0
156867,20131107,   95,    1
156867,20131108,   73,    0
156867,20131109,   76,    0
156867,20131110,   51,    0
156867,20131111,   70,    0
156867,20131112,   96,    0
156867,20131113,   86,    0
156867,20131114,   82,    0
156867,20131115,   57,    0
156867,20131116,   73,    0
156867,20131117,   85,    0
156867,20131118,   83,    0
156867,20131119,   52,    0
156867,20131120,   45,    0
156867,20131121,   61,    0
156867,20131122,   44,    0
156867,20131123,   21,    0
156867,20131124,   39,    0
156867,20131125,   31,    0
156867,20131126,   43,    0
156867,20131127,   66,    0
156867,20131128,   65,    0
156867,20131129,   79,    0
156867,20131130,   51,    0
156867,20131201,   56,    0
156867,20131202,   78,    0
156867,20131203,   82,    0
156867,20131204,   68,    0
156867,20131205,   78,    0
156867,20131206,   57,    0
156867,20131207,   68,    0
156867,20131208,   89,    0
156867,20131209,  101,    1
156867,20131210,   75,    0
156867,20131211,   82,    0
156867,20131212,   73,    0
156867,20131213,  104,    0
156867,20131214,   83,    0
156867,20131215,   84,    1
156867,20131216,   73,    1
156867,20131217,   49,    0
156867,20131218,   73,    0
156867,20131219,   67,    0
156867,20131220,   73,    0
156867,20131221,   87,    1
156867,20131222,   58,    0
156867,20131223,   66,    0
156867,20131224,   66,    0
156867,20131225,   47,    0
156867,20131226,   48,    0
156867,20131227,   49,    0
156867,20131228,   65,    0
156867,20131229,   77,    0
156867,20131230,   79,    0
156867,20131231,   68,    0
156867,20140101,   76,    0
156867,20140102,   77,    0
156867,20140103,   72,    1
156867,20140104,   60,    0
156867,20140105,   61,    0
156867,20140106,   66,    0
156867,20140107,   86,    0
156867,20140108,   80,    1
156867,20140109,   54,    0
156867,20140110,   64,    1
156867,20140111,   51,    0
156867,20140112,   42,    0
156867,20140113,   53,    0
156867,20140114,   59,    0
156867,20140115,   77,    0
156867,20140116,   71,    1
156867,20140117,   60,    0
156867,20140118,   71,    1
156867,20140119,   60,    0
156867,20140120,   52,    0
156867,20140121,   57,    0
156867,20140122,   66,    1
156867,20140123,   56,    0
156867,20140124,   54,    0
156867,20140125,   73,    0
156867,20140126,   60,    0
156867,20140127,   58,    0
156867,20140128,   61,    0
156867,20140129,   59,    1
156867,20140130,   27,    0
156867,20140131,   42,    0
156867,20140201,   51,    0
156867,20140202,   56,    0
156867,20140203,   72,    0
156867,20140204,   56,    0
156867,20140205,   61,    0
156867,20140206,   71,    0
156867,20140207,   61,    0
156867,20140208,   58,    0
156867,20140209,   66,    0
156867,20140210,   45,    0
156867,20140211,   46,    0
156867,20140212,   51,    0
156867,20140213,   52,    0
156867,20140214,   64,    0
156867,20140215,   58,    0
156867,20140216,   64,    0
156867,20140217,   70,    0
156867,20140218,   84,    0
156867,20140219,   86,    0
156867,20140220,   82,    0
156867,20140221,   67,    0
156867,20140222,   80,    0
156867,20140223,   93,    0
156867,20140224,   83,    0
156867,20140225,   77,    0
156867,20140226,   69,    0
156867,20140227,   69,    0
156867,20140228,   47,    0
156867,20140301,   52,    0
156867,20140302,   65,    0
156867,20140303,   54,    0
156867,20140304,   63,    0
156867,20140305,   77,    0
156867,20140306,   88,    0
156867,20140307,   90,    0
156867,20140308,   82,    0
156867,20140309,  102,    0
156867,20140310,   83,    0
156867,20140311,   67,    0
156867,20140312,   62,    1
156867,20140313,   42,    0
156867,20140314,   61,    0
156867,20140315,   71,    0
156867,20140316,   82,    0
156867,20140317,   91,    0
156867,20140318,   88,    0
156867,20140319,  105,    0
156867,20140320,   93,    0
156867,20140321,   85,    1
156867,20140322,   56,    0
156867,20140323,   74,    0
156867,20140324,   50,    0
156867,20140325,   73,    0
156867,20140326,   56,    0
156867,20140327,   70,    0
156867,20140328,   79,    0
156867,20140329,  112,    0
156867,20140330,  131,    0
156867,20140331,  124,    1
156867,20140401,   94,    0
156867,20140402,  102,    0
156867,20140403,  113,    1
156867,20140404,   97,    0
156867,20140405,  108,    0
156867,20140406,  128,    1
156867,20140407,   86,    0
156867,20140408,   94,    0
156867,20140409,  102,    0
156867,20140410,  108,    0
156867,20140411,   91,    0
156867,20140412,  102,    0
156867,20140413,   99,    0
156867,20140414,  103,    0
156867,20140415,   92,    0
156867,20140416,  104,    0
156867,20140417,  102,    0
156867,20140418,   74,    0
156867,20140419,   84,    0
156867,20140420,  103,    0
156867,20140421,  149,    1
156867,20140422,  123,    0
156867,20140423,  129,    0
156867,20140424,  121,    0
156867,20140425,  113,    0
156867,20140426,  131,    0
156867,20140427,  122,    0
156867,20140428,  122,    0
156867,20140429,  124,    0
156867,20140430,  133,    1
156867,20140501,  105,    0
156867,20140502,  102,    0
156867,20140503,   84,    0
156867,20140504,  106,    0
156867,20140505,  119,    0
156867,20140506,  128,    1
156867,20140507,  110,    0
156867,20140508,  119,    0
156867,20140509,  118,    0
156867,20140510,  116,    0
156867,20140511,  116,    0
156867,20140512,  118,    0
156867,20140513,  110,    0
156867,20140514,  121,    0
156867,20140515,  138,    0
156867,20140516,  127,    0
156867,20140517,  143,    0
156867,20140518,  159,    0
156867,20140519,  169,    0
156867,20140520,  179,    1
156867,20140521,  140,    1
156867,20140522,  115,    0
156867,20140523,  120,    0
156867,20140524,  128,    0
156867,20140525,  131,    0
156867,20140526,  141,    0
156867,20140527,  153,    1
156867,20140528,  129,    0
156867,20140529,  122,    0
156867,20140530,  126,    0
156867,20140531,  142,    0
156867,20140601,  131,    0
156867,20140602,  141,    0
156867,20140603,  140,    0
156867,20140604,  122,    0
156867,20140605,  132,    0
156867,20140606,  139,    0
156867,20140607,  163,    0
156867,20140608,  173,    0
156867,20140609,  163,    0
156867,20140610,  159,    0
156867,20140611,  147,    0
156867,20140612,  153,    0
156867,20140613,  150,    0
156867,20140614,  169,    0
156867,20140615,  167,    0
156867,20140616,  162,    0
156867,20140617,  184,    0
156867,20140618,  188,    0
156867,20140619,  172,    0
156867,20140620,  139,    0
156867,20140621,  152,    0
156867,20140622,  158,    0
156867,20140623,  169,    0
156867,20140624,  166,    0
156867,20140625,  154,    0
156867,20140626,  157,    0
156867,20140627,  153,    0
156867,20140628,  142,    0
156867,20140629,  136,    0
156867,20140630,  152,    0
156867,20140701,  163,    0
156867,20140702,  171,    0
156867,20140703,  174,    1
156867,20140704,  163,    0
156867,20140705,  151,    0
156867,20140706,  135,    0
156867,20140707,  153,    0
156867,20140708,  169,    0
156867,20140709,  173,    0
156867,20140710,  166,    0
156867,20140711,  167,    0
156867,20140712,  172,    0
156867,20140713,  174,    0
156867,20140714,  155,    0
156867,20140715,  168,    0
156867,20140716,  168,    0
156867,20140717,  180,    0
156867,20140718,  203,    0
156867,20140719,  200,    0
156867,20140720,  189,    0
156867,20140721,  182,    0
156867,20140722,  186,    0
156867,20140723,  215,    0
156867,20140724,  223,    0
156867,20140725,  219,    0
156867,20140726,  195,    1
156867,20140727,  171,    0
156867,20140728,  174,    0
156867,20140729,  165,    0
156867,20140730,  179,    0
156867,20140731,  181,    0
156867,20140801,  165,    0
156867,20140802,  182,    0
156867,20140803,  156,    0
156867,20140804,  169,    0
156867,20140805,  166,    0
156867,20140806,  183,    0
156867,20140807,  168,    0
156867,20140808,  152,    0
156867,20140809,  173,    1
156867,20140810,  152,    0
156867,20140811,  160,    0
156867,20140812,  160,    0
156867,20140813,  157,    0
156867,20140814,  156,    0
156867,20140815,  148,    0
156867,20140816,  151,    0
156867,20140817,  145,    0
156867,20140818,  149,    0
156867,20140819,  135,    0
156867,20140820,  124,    0
156867,20140821,  137,    0
156867,20140822,  130,    0
156867,20140823,  122,    0
156867,20140824,  125,    0
156867,20140825,  139,    0
156867,20140826,  163,    0
156867,20140827,  123,    0
156867,20140828,  176,    0
156867,20140829,  162,    0
156867,20140830,  164,    0
156867,20140831,  157,    0
156867,20140901,  157,    0
156867,20140902,  150,    0
156867,20140903,  187,    0
156867,20140904,-9999,    9
156867,20140905,-9999,    9
156867,20140906,  165,    0
156867,20140907,  134,    0
156867,20140908,  122,    0
156867,20140909,  130,    0
156867,20140910,  150,    0
156867,20140911,  151,    0
156867,20140912,  150,    0
156867,20140913,  161,    0
156867,20140914,  149,    0
156867,20140915,  161,    0
156867,20140916,-9999,    9
156867,20140917,-9999,    9
156867,20140918,-9999,    9
156867,20140919,-9999,    9
156867,20140920,-9999,    9
156867,20140921,-9999,    9
156867,20140922,-9999,    9
156867,20140923,  136,    0
156867,20140924,  143,    0
156867,20140925,  148,    0
156867,20140926,  158,    0
156867,20140927,  136,    0
156867,20140928,-9999,    9
156867,20140929,-9999,    9
156867,20140930,  166,    0
156867,20141001,-9999,    9
156867,20141002,-9999,    9
156867,20141003,-9999,    9
156867,20141004,-9999,    9
156867,20141005,-9999,    9
156867,20141006,   76,    0
156867,20141007,-9999,    9
156867,20141008,-9999,    9
156867,20141009,-9999,    9
156867,20141010,-9999,    9
156867,20141011,  121,    0
156867,20141012,   96,    0
156867,20141013,  101,    0
156867,20141014,  115,    0
156867,20141015,  114,    0
156867,20141016,  133,    0
156867,20141017,-9999,    9
156867,20141018,-9999,    9
156867,20141019,-9999,    9
156867,20141020,-9999,    9
156867,20141021,  102,    0
156867,20141022,  103,    0
156867,20141023,  125,    0
156867,20141024,  129,    0
156867,20141025,  124,    0
156867,20141026,  132,    0
156867,20141027,  148,    0
156867,20141028,  149,    1
156867,20141029,   84,    0
156867,20141030,  107,    0
156867,20141031,  159,    1
156867,20141101,  137,    1
156867,20141102,  125,    1
156867,20141103,   90,    0
156867,20141104,   77,    0
156867,20141105,   78,    0
156867,20141106,   70,    0
156867,20141107,   98,    0
156867,20141108,   92,    0
156867,20141109,   90,    0
156867,20141110,   82,    0
156867,20141111,   91,    0
156867,20141112,  117,    0
156867,20141113,  117,    0
156867,20141114,  118,    1
156867,20141115,   91,    0
156867,20141116,   93,    0
156867,20141117,   98,    0
156867,20141118,  100,    0
156867,20141119,  101,    0
156867,20141120,   91,    0
156867,20141121,   95,    0
156867,20141122,  109,    1
156867,20141123,   86,    0
156867,20141124,   79,    0
156867,20141125,   69,    0
156867,20141126,   68,    0
156867,20141127,   84,    0
156867,20141128,   86,    0
156867,20141129,  113,    0
156867,20141130,  101,    1
156867,20141201,   71,    0
156867,20141202,   71,    0
156867,20141203,   29,    0
156867,20141204,   28,    0
156867,20141205,   49,    0
156867,20141206,   43,    0
156867,20141207,   39,    0
156867,20141208,   53,    0
156867,20141209,   57,    0
156867,20141210,   60,    0
156867,20141211,   57,    0
156867,20141212,   39,    0
156867,20141213,   36,    0
156867,20141214,   39,    0
156867,20141215,   66,    0
156867,20141216,   80,    0
156867,20141217,   82,    0
156867,20141218,  103,    1
156867,20141219,   72,    0
156867,20141220,   78,    0
156867,20141221,   90,    0
156867,20141222,   97,    0
156867,20141223,  104,    1
156867,20141224,   70,    0
156867,20141225,   64,    1
156867,20141226,   46,    1
156867,20141227,   19,    0
156867,20141228,   23,    0
156867,20141229,   19,    0
156867,20141230,   18,    0
156867,20141231,   61,    0
156867,20150101,   87,    1
156867,20150102,   71,    1
156867,20150103,   55,    0
156867,20150104,   21,    0
156867,20150105,   44,    0
156867,20150106,   64,    0
156867,20150107,   73,    0
156867,20150108,   77,    0
156867,20150109,   88,    1
156867,20150110,   73,    0
156867,20150111,   64,    0
156867,20150112,   79,    1
156867,20150113,   53,    0
156867,20150114,   50,    0
156867,20150115,   58,    1
156867,20150116,   41,    0
156867,20150117,   34,    0
156867,20150118,   10,    0
156867,20150119,   12,    0
156867,20150120,   15,    0
156867,20150121,   20,    0
156867,20150122,   30,    0
156867,20150123,   41,    0
156867,20150124,   43,    0
156867,20150125,   57,    0
156867,20150126,   64,    0
156867,20150127,   67,    1
156867,20150128,   53,    1
156867,20150129,   31,    0
156867,20150130,   28,    0
156867,20150131,   39,    0
156867,20150201,   33,    0
156867,20150202,   11,    0
156867,20150203,    7,    0
156867,20150204,   24,    0
156867,20150205,   34,    0
156867,20150206,   28,    0
156867,20150207,   31,    0
156867,20150208,   16,    0
156867,20150209,   28,    0
156867,20150210,   42,    0
156867,20150211,   34,    0
156867,20150212,   44,    0
156867,20150213,   59,    0
156867,20150214,   75,    0
156867,20150215,   72,    0
156867,20150216,   65,    0
156867,20150217,   51,    0
156867,20150218,   72,    0
156867,20150219,   69,    0
156867,20150220,   53,    0
156867,20150221,   42,    0
156867,20150222,   55,    0
156867,20150223,   44,    0
156867,20150224,   56,    0
156867,20150225,   73,    0
156867,20150226,   69,    0
156867,20150227,   59,    0
156867,20150228,   73,    0
156867,20150301,   67,    1
156867,20150302,   34,    0
156867,20150303,   40,    0
156867,20150304,   58,    0
156867,20150305,   67,    0
156867,20150306,   91,    0
156867,20150307,   97,    1
156867,20150308,   77,    0
156867,20150309,   55,    0
156867,20150310,   69,    0
156867,20150311,   60,    0
156867,20150312,   80,    1
156867,20150313,   59,    0
156867,20150314,   37,    0
156867,20150315,   59,    0
156867,20150316,   59,    0
156867,20150317,   59,    0
156867,20150318,   51,    0
156867,20150319,   53,    0
156867,20150320,   68,    0
156867,20150321,   61,    0
156867,20150322,   42,    0
156867,20150323,   60,    0
156867,20150324,   58,    0
156867,20150325,   43,    0
156867,20150326,   58,    0
156867,20150327,   67,    0
156867,20150328,   87,    1
156867,20150329,   73,    0
156867,20150330,   69,    0
156867,20150331,   64,    0
156867,20150401,   56,    0
156867,20150402,   58,    0
156867,20150403,   78,    0
156867,20150404,   94,    1
156867,20150405,   70,    0
156867,20150406,   67,    0
156867,20150407,   77,    0
156867,20150408,   82,    0
156867,20150409,  102,    0
156867,20150410,  122,    1
156867,20150411,   79,    0
156867,20150412,   78,    0
156867,20150413,   88,    0
156867,20150414,  107,    0
156867,20150415,   98,    0
156867,20150416,   76,    0
156867,20150417,  106,    0
156867,20150418,   97,    0
156867,20150419,   78,    0
156867,20150420,   94,    0
156867,20150421,   96,    0
156867,20150422,  109,    0
156867,20150423,  110,    0
156867,20150424,   99,    1
156867,20150425,   93,    0
156867,20150426,   54,    0
156867,20150427,   52,    0
156867,20150428,   74,    0
156867,20150429,   83,    0
156867,20150430,   88,    0
156867,20150501,   68,    0
156867,20150502,   74,    0
156867,20150503,  104,    0
156867,20150504,  112,    0
156867,20150505,  122,    1
156867,20150506,   88,    0
156867,20150507,   98,    0
156867,20150508,   88,    0
156867,20150509,  102,    0
156867,20150510,  122,    0
156867,20150511,  137,    1
156867,20150512,  119,    0
156867,20150513,  107,    0
156867,20150514,  102,    0
156867,20150515,   99,    0
156867,20150516,  112,    0
156867,20150517,  108,    0
156867,20150518,  100,    0
156867,20150519,   93,    0
156867,20150520,  105,    0
156867,20150521,  112,    0
156867,20150522,  129,    0
156867,20150523,  116,    0
156867,20150524,  116,    0
156867,20150525,  118,    0
156867,20150526,  118,    0
156867,20150527,  113,    0
156867,20150528,  113,    0
156867,20150529,   99,    0
156867,20150530,   98,    0
156867,20150531,  106,    0
156867,20150601,  101,    0
156867,20150602,  112,    0
156867,20150603,  124,    0
156867,20150604,  125,    0
156867,20150605,  147,    0
156867,20150606,  130,    0
156867,20150607,  120,    0
156867,20150608,  113,    0
156867,20150609,  113,    0
156867,20150610,  122,    0
156867,20150611,  152,    0
156867,20150612,  162,    0
156867,20150613,  166,    1
156867,20150614,  131,    0
156867,20150615,  136,    0
156867,20150616,  146,    0
156867,20150617,  153,    0
156867,20150618,-9999,    9
156867,20150619,-9999,    9
156867,20150620,-9999,    9
156867,20150621,-9999,    9
156867,20150622,-9999,    9
156867,20150623,-9999,    9
156867,20150624,  139,    0
156867,20150625,  166,    0
156867,20150626,  163,    0
156867,20150627,  156,    0
156867,20150628,  163,    0
156867,20150629,  183,    0
156867,20150630,  223,    0
156867,20150701,  247,    1
156867,20150702,  180,    0
156867,20150703,  186,    0
156867,20150704,  184,    0
156867,20150705,  160,    0
156867,20150706,  151,    0
156867,20150707,  165,    0
156867,20150708,  156,    0
156867,20150709,  140,    0
156867,20150710,  175,    0
156867,20150711,  172,    0
156867,20150712,  163,    0
156867,20150713,  155,    0
156867,20150714,  158,    0
156867,20150715,  144,    0
156867,20150716,  159,    0
156867,20150717,  175,    0
156867,20150718,  162,    0
156867,20150719,  154,    0
156867,20150720,  164,    0
156867,20150721,  170,    1
156867,20150722,  142,    0
156867,20150723,  148,    0
156867,20150724,  152,    0
156867,20150725,  146,    0
156867,20150726,  128,    0
156867,20150727,  146,    0
156867,20150728,  131,    0
156867,20150729,  139,    0
156867,20150730,  137,    0
156867,20150731,  146,    0
156867,20150801,  156,    0
156867,20150802,  163,    0
156867,20150803,  170,    0
156867,20150804,  158,    0
156867,20150805,  168,    0
156867,20150806,  164,    0
156867,20150807,  135,    0
156867,20150808,  147,    0
156867,20150809,  159,    0
156867,20150810,  173,    0
156867,20150811,  158,    0
156867,20150812,  148,    0
156867,20150813,  167,    1
156867,20150814,  154,    0
156867,20150815,  146,    0
156867,20150816,  145,    0
156867,20150817,  145,    0
156867,20150818,  143,    0
156867,20150819,  177,    0
156867,20150820,  184,    0
156867,20150821,  182,    0
156867,20150822,  185,    0
156867,20150823,  199,    1
156867,20150824,  148,    0
156867,20150825,  163,    0
156867,20150826,  164,    0
156867,20150827,  161,    0
156867,20150828,  165,    0
156867,20150829,  164,    0
156867,20150830,  155,    0
156867,20150831,  152,    0
156867,20150901,  139,    0
156867,20150902,  136,    0
156867,20150903,  132,    0
156867,20150904,-9999,    9
156867,20150905,  100,    0
156867,20150906,-9999,    9
156867,20150907,-9999,    9
156867,20150908,-9999,    9
156867,20150909,-9999,    9
156867,20150910,-9999,    9
156867,20150911,-9999,    9
156867,20150912,-9999,    9
156867,20150913,-9999,    9
156867,20150914,-9999,    9
156867,20150915,-9999,    9
156867,20150916,-9999,    9
156867,20150917,  112,    0
156867,20150918,  140,    0
156867,20150919,  125,    0
156867,20150920,  127,    0
156867,20150921,  136,    0
156867,20150922,  127,    0
156867,20150923,  137,    0
156867,20150924,  133,    0
156867,20150925,  133,    0
156867,20150926,  128,    0
156867,20150927,  123,    0
156867,20150928,  136,    0
156867,20150929,  130,    0
156867,20150930,  130,    0
156867,20151001,  109,    0
156867,20151002,   92,    0
156867,20151003,   89,    0
156867,20151004,  112,    0
156867,20151005,  146,    0
156867,20151006,  162,    1
156867,20151007,  136,    0
156867,20151008,  108,    0
156867,20151009,  102,    0
156867,20151010,  125,    0
156867,20151011,  118,    0
156867,20151012,   93,    0
156867,20151013,   96,    0
156867,20151014,   83,    0
156867,20151015,   91,    0
156867,20151016,  104,    0
156867,20151017,   91,    0
156867,20151018,  108,    0
156867,20151019,  107,    0
156867,20151020,  100,    0
156867,20151021,  124,    0
156867,20151022,  125,    0
156867,20151023,  112,    0
156867,20151024,  106,    0
156867,20151025,   98,    0
156867,20151026,  110,    0
156867,20151027,  130,    1
156867,20151028,  120,    0
156867,20151029,  114,    0
156867,20151030,  122,    0
156867,20151031,  126,    1
156867,20151101,  108,    1
156867,20151102,   80,    0
156867,20151103,   71,    0
156867,20151104,   92,    0
156867,20151105,  120,    0
156867,20151106,  133,    1
156867,20151107,  114,    0
156867,20151108,  106,    0
156867,20151109,  118,    0
156867,20151110,  137,    0
156867,20151111,  134,    0
156867,20151112,  110,    1
156867,20151113,   83,    0
156867,20151114,   99,    0
156867,20151115,  109,    1
156867,20151116,   98,    0
156867,20151117,  105,    0
156867,20151118,  104,    0
156867,20151119,   93,    1
156867,20151120,   80,    1
156867,20151121,   37,    0
156867,20151122,   40,    0
156867,20151123,   43,    0
156867,20151124,   59,    0
156867,20151125,   84,    0
156867,20151126,   99,    0
156867,20151127,  103,    1
156867,20151128,   71,    0
156867,20151129,   94,    0
156867,20151130,   81,    0
156867,20151201,   76,    0
156867,20151202,   99,    0
156867,20151203,   92,    0
156867,20151204,   91,    0
156867,20151205,  107,    0
156867,20151206,  106,    0
156867,20151207,   98,    0
156867,20151208,  108,    0
156867,20151209,   83,    0
156867,20151210,   82,    0
156867,20151211,   70,    1
156867,20151212,   48,    0
156867,20151213,   35,    0
156867,20151214,   49,    0
156867,20151215,  104,    0
156867,20151216,  113,    0
156867,20151217,  118,    0
156867,20151218,  123,    0
156867,20151219,  132,    1
156867,20151220,  107,    0
156867,20151221,   97,    0
156867,20151222,   95,    0
156867,20151223,   88,    0
156867,20151224,   82,    0
156867,20151225,   82,    0
156867,20151226,   91,    0
156867,20151227,   98,    0
156867,20151228,   95,    0
156867,20151229,  114,    0
156867,20151230,  110,    1
156867,20151231,   68,    0
156867,20160101,   56,    0
156867,20160102,   70,    0
156867,20160103,   76,    0
156867,20160104,   72,    0
156867,20160105,   78,    0
156867,20160106,   71,    0
156867,20160107,   65,    0
156867,20160108,   53,    0
156867,20160109,   62,    0
156867,20160110,   54,    0
156867,20160111,   42,    0
156867,20160112,   37,    0
156867,20160113,   45,    0
156867,20160114,   32,    0
156867,20160115,   37,    1
156867,20160116,   -2,    0
156867,20160117,   14,    0
156867,20160118,   34,    0
156867,20160119,   46,    0
156867,20160120,   37,    0
156867,20160121,   38,    0
156867,20160122,   68,    0
156867,20160123,   94,    0
156867,20160124,  108,    0
156867,20160125,  117,    0
156867,20160126,   92,    0
156867,20160127,   96,    0
156867,20160128,   78,    0
156867,20160129,   87,    1
156867,20160130,   54,    0
156867,20160131,   70,    0
156867,20160201,   74,    0
156867,20160202,   70,    0
156867,20160203,   60,    0
156867,20160204,   74,    0
156867,20160205,   90,    0
156867,20160206,   66,    0
156867,20160207,   62,    0
156867,20160208,   62,    1
156867,20160209,   55,    0
156867,20160210,   51,    0
156867,20160211,   42,    0
156867,20160212,   46,    0
156867,20160213,   42,    0
156867,20160214,   33,    0
156867,20160215,   32,    0
156867,20160216,   20,    0
156867,20160217,   33,    0
156867,20160218,   32,    0
156867,20160219,   44,    0
156867,20160220,   60,    0
156867,20160221,   82,    1
156867,20160222,   58,    0
156867,20160223,   40,    0
156867,20160224,   22,    0
156867,20160225,   15,    0
156867,20160226,   38,    0
156867,20160227,   40,    0
156867,20160228,   46,    0
156867,20160229,   48,    0
156867,20160301,   62,    0
156867,20160302,   38,    0
156867,20160303,   45,    0
156867,20160304,   36,    0
156867,20160305,   48,    0
156867,20160306,   34,    0
156867,20160307,   38,    0
156867,20160308,   40,    0
156867,20160309,   54,    0
156867,20160310,   47,    0
156867,20160311,   57,    0
156867,20160312,   63,    0
156867,20160313,   88,    0
156867,20160314,   72,    0
156867,20160315,   90,    0
156867,20160316,   83,    0
156867,20160317,   53,    0
156867,20160318,   48,    0
156867,20160319,   64,    0
156867,20160320,   78,    0
156867,20160321,   62,    0
156867,20160322,   81,    0
156867,20160323,   75,    0
156867,20160324,   72,    0
156867,20160325,   93,    0
156867,20160326,  104,    1
156867,20160327,   72,    0
156867,20160328,   68,    0
156867,20160329,   68,    0
156867,20160330,   61,    0
156867,20160331,   64,    0
156867,20160401,   54,    0
156867,20160402,   80,    0
156867,20160403,  100,    0
156867,20160404,   95,    0
156867,20160405,   92,    1
156867,20160406,   75,    0
156867,20160407,   84,    0
156867,20160408,   76,    0
156867,20160409,   67,    0
156867,20160410,   67,    0
156867,20160411,  116,    1
156867,20160412,   86,    0
156867,20160413,   88,    0
156867,20160414,  100,    1
156867,20160415,   73,    0
156867,20160416,   64,    0
156867,20160417,   50,    0
156867,20160418,   83,    0
156867,20160419,   77,    0
156867,20160420,   97,    0
156867,20160421,  118,    0
156867,20160422,   93,    0
156867,20160423,   64,    0
156867,20160424,   70,    0
156867,20160425,   85,    0
156867,20160426,   68,    0
156867,20160427,   44,    0
156867,20160428,   42,    0
156867,20160429,   56,    0
156867,20160430,   78,    0
156867,20160501,   87,    0
156867,20160502,  100,    0
156867,20160503,  101,    0
156867,20160504,  102,    0
156867,20160505,  114,    0
156867,20160506,  141,    0
156867,20160507,  156,    0
156867,20160508,  188,    0
156867,20160509,  196,    0
156867,20160510,  178,    0
156867,20160511,  169,    0
156867,20160512,  180,    1
156867,20160513,  134,    1
156867,20160514,   78,    0
156867,20160515,  100,    0
156867,20160516,   98,    0
156867,20160517,  120,    0
156867,20160518,  124,    0
156867,20160519,  123,    0
156867,20160520,  135,    0
156867,20160521,  140,    0
156867,20160522,  131,    0
156867,20160523,  108,    0
156867,20160524,  123,    0
156867,20160525,  104,    0
156867,20160526,  122,    0
156867,20160527,  136,    0
156867,20160528,  135,    0
156867,20160529,  150,    0
156867,20160530,  155,    0
156867,20160531,  157,    0
156867,20160601,  150,    0
156867,20160602,  134,    0
156867,20160603,  126,    0
156867,20160604,  176,    0
156867,20160605,  190,    0
156867,20160606,  196,    0
156867,20160607,  184,    0
156867,20160608,  170,    0
156867,20160609,  188,    0
156867,20160610,  184,    1
156867,20160611,  168,    0
156867,20160612,  178,    1
156867,20160613,  149,    0
156867,20160614,  152,    0
156867,20160615,  159,    0
156867,20160616,  157,    0
156867,20160617,  144,    0
156867,20160618,  144,    0
156867,20160619,  156,    0
156867,20160620,  164,    0
156867,20160621,  162,    0
156867,20160622,  166,    0
156867,20160623,  152,    0
156867,20160624,  162,    0
156867,20160625,  136,    0
156867,20160626,  152,    0
156867,20160627,  149,    0
156867,20160628,  136,    0
156867,20160629,  136,    0
156867,20160630,  141,    0
156867,20160701,  146,    0
156867,20160702,  134,    0
156867,20160703,  142,    0
156867,20160704,  157,    0
156867,20160705,  146,    0
156867,20160706,  142,    0
156867,20160707,  166,    0
156867,20160708,  166,    0
156867,20160709,  168,    0
156867,20160710,  172,    1
156867,20160711,  156,    0
156867,20160712,  151,    0
156867,20160713,  146,    0
156867,20160714,  150,    0
156867,20160715,  156,    0
156867,20160716,  160,    0
156867,20160717,  166,    0
156867,20160718,  189,    0
156867,20160719,  232,    1
156867,20160720,  207,    1
156867,20160721,  176,    0
156867,20160722,  184,    0
156867,20160723,  180,    0
156867,20160724,  176,    0
156867,20160725,  165,    0
156867,20160726,  166,    0
156867,20160727,  164,    0
156867,20160728,  157,    0
156867,20160729,  172,    1
156867,20160730,  152,    0
156867,20160731,  154,    0
156867,20160801,  160,    0
156867,20160802,  170,    0
156867,20160803,  178,    0
156867,20160804,  167,    0
156867,20160805,  164,    0
156867,20160806,  166,    0
156867,20160807,  182,    1
156867,20160808,  149,    0
156867,20160809,  142,    0
156867,20160810,  143,    0
156867,20160811,  159,    0
156867,20160812,  169,    0
156867,20160813,  162,    0
156867,20160814,  160,    0
156867,20160815,  156,    0
156867,20160816,  181,    0
156867,20160817,  172,    0
156867,20160818,  192,    1
156867,20160819,  164,    0
156867,20160820,  154,    0
156867,20160821,  165,    0
156867,20160822,  171,    0
156867,20160823,  187,    0
156867,20160824,  184,    1
156867,20160825,  162,    0
156867,20160826,  172,    0
156867,20160827,  170,    0
156867,20160828,  168,    0
156867,20160829,  154,    0
156867,20160830,  168,    0
156867,20160831,  164,    0
156867,20160901,  164,    0
156867,20160902,  166,    0
156867,20160903,  150,    0
156867,20160904,  158,    0
156867,20160905,  174,    0
156867,20160906,  192,    0
156867,20160907,  204,    1
156867,20160908,  163,    0
156867,20160909,  169,    0
156867,20160910,  150,    0
156867,20160911,  154,    0
156867,20160912,  183,    0
156867,20160913,  202,    0
156867,20160914,  210,    1
156867,20160915,  177,    1
156867,20160916,  159,    0
156867,20160917,  131,    0
156867,20160918,  137,    0
156867,20160919,  157,    0
156867,20160920,  140,    0
156867,20160921,  156,    0
156867,20160922,  144,    0
156867,20160923,  152,    0
156867,20160924,  158,    0
156867,20160925,  148,    1
156867,20160926,  124,    0
156867,20160927,  144,    0
156867,20160928,  166,    1
156867,20160929,  146,    0
156867,20160930,  128,    0
156867,20161001,  121,    0
156867,20161002,  104,    0
156867,20161003,  121,    0
156867,20161004,  138,    0
156867,20161005,  140,    0
156867,20161006,  126,    0
156867,20161007,  120,    0
156867,20161008,  128,    0
156867,20161009,  115,    0
156867,20161010,  102,    0
156867,20161011,  100,    0
156867,20161012,  116,    0
156867,20161013,  107,    0
156867,20161014,  112,    0
156867,20161015,  117,    0
156867,20161016,  126,    0
156867,20161017,  126,    1
156867,20161018,  104,    0
156867,20161019,  111,    0
156867,20161020,  110,    0
156867,20161021,   98,    0
156867,20161022,   97,    0
156867,20161023,   88,    0
156867,20161024,   85,    0
156867,20161025,   87,    0
156867,20161026,  100,    0
156867,20161027,  131,    0
156867,20161028,  126,    0
156867,20161029,  122,    0
156867,20161030,  120,    0
156867,20161031,  108,    0
156867,20161101,   97,    0
156867,20161102,   58,    0
156867,20161103,   66,    0
156867,20161104,   82,    0
156867,20161105,   68,    0
156867,20161106,   61,    0
156867,20161107,   61,    1
156867,20161108,   13,    0
156867,20161109,   44,    0
156867,20161110,   52,    0
156867,20161111,   42,    0
156867,20161112,   57,    0
156867,20161113,   72,    0
156867,20161114,   86,    0
156867,20161115,  108,    1
156867,20161116,   92,    1
156867,20161117,   71,    1
156867,20161118,   45,    0
156867,20161119,   50,    0
156867,20161120,   39,    0
156867,20161121,   28,    0
156867,20161122,   55,    0
156867,20161123,   64,    0
156867,20161124,   42,    0
156867,20161125,   34,    0
156867,20161126,   23,    0
156867,20161127,   32,    0
156867,20161128,   60,    1
156867,20161129,   14,    0
156867,20161130,   37,    0
156867,20161201,   66,    0
156867,20161202,   66,    0
156867,20161203,   52,    0
156867,20161204,   44,    0
156867,20161205,   42,    0
156867,20161206,   66,    0
156867,20161207,   94,    0
156867,20161208,  114,    0
156867,20161209,   96,    1
156867,20161210,   91,    0
156867,20161211,   84,    0
156867,20161212,   58,    0
156867,20161213,   86,    0
156867,20161214,  104,    0
156867,20161215,   92,    0
156867,20161216,   96,    1
156867,20161217,   40,    0
156867,20161218,   52,    0
156867,20161219,   69,    0
156867,20161220,   66,    0
156867,20161221,   64,    0
156867,20161222,   62,    0
156867,20161223,   80,    0
156867,20161224,   84,    0
156867,20161225,   92,    1
156867,20161226,   71,    0
156867,20161227,   57,    1
156867,20161228,   17,    0
156867,20161229,   23,    0
156867,20161230,   44,    0
156867,20161231,   82,    1
156867,20170101,   48,    0
156867,20170102,   29,    0
156867,20170103,   36,    0
156867,20170104,   55,    1
156867,20170105,    9,    0
156867,20170106,   21,    0
156867,20170107,   60,    0
156867,20170108,   74,    0
156867,20170109,   79,    0
156867,20170110,   81,    1
156867,20170111,   73,    1
156867,20170112,   50,    0
156867,20170113,   32,    0
156867,20170114,   45,    0
156867,20170115,   57,    0
156867,20170116,   78,    0
156867,20170117,   72,    0
156867,20170118,   73,    0
156867,20170119,   73,    0
156867,20170120,   69,    1
156867,20170121,   30,    0
156867,20170122,   23,    0
156867,20170123,   23,    0
156867,20170124,   35,    0
156867,20170125,   65,    1
156867,20170126,    5,    0
156867,20170127,   19,    0
156867,20170128,   25,    0
156867,20170129,   42,    0
156867,20170130,   51,    0
156867,20170131,   61,    0
156867,20170201,   91,    0
156867,20170202,  103,    1
156867,20170203,   78,    1
156867,20170204,   52,    0
156867,20170205,   52,    0
156867,20170206,   31,    0
156867,20170207,   52,    0
156867,20170208,   40,    1
156867,20170209,   16,    0
156867,20170210,   30,    0
156867,20170211,   35,    0
156867,20170212,   39,    0
156867,20170213,   63,    0
156867,20170214,   62,    0
156867,20170215,   76,    0
156867,20170216,   72,    0
156867,20170217,   88,    0
156867,20170218,   88,    0
156867,20170219,   83,    0
156867,20170220,   85,    0
156867,20170221,   77,    0
156867,20170222,   77,    1
156867,20170223,   65,    0
156867,20170224,   62,    0
156867,20170225,   70,    0
156867,20170226,   84,    1
156867,20170227,   55,    0
156867,20170228,   36,    0
156867,20170301,   52,    0
156867,20170302,   58,    0
156867,20170303,   68,    0
156867,20170304,   86,    1
156867,20170305,   60,    0
156867,20170306,   68,    0
156867,20170307,   68,    0
156867,20170308,   82,    0
156867,20170309,   85,    0
156867,20170310,   82,    0
156867,20170311,   91,    0
156867,20170312,   91,    0
156867,20170313,   76,    0
156867,20170314,   95,    0
156867,20170315,   85,    0
156867,20170316,   92,    0
156867,20170317,   77,    0
156867,20170318,   86,    0
156867,20170319,   98,    1
156867,20170320,   89,    1
156867,20170321,   60,    0
156867,20170322,   43,    0
156867,20170323,   74,    0
156867,20170324,   80,    0
156867,20170325,   68,    0
156867,20170326,  104,    0
156867,20170327,   85,    0
156867,20170328,   82,    0
156867,20170329,  102,    0
156867,20170330,  123,    0
156867,20170331,  131,    1
156867,20170401,  106,    0
156867,20170402,   92,    0
156867,20170403,   93,    0
156867,20170404,  109,    0
156867,20170405,   98,    0
156867,20170406,   68,    0
156867,20170407,   91,    0
156867,20170408,   81,    0
156867,20170409,  112,    0
156867,20170410,   93,    0
156867,20170411,   96,    0
156867,20170412,  101,    1
156867,20170413,   86,    0
156867,20170414,   92,    0
156867,20170415,   85,    0
156867,20170416,   89,    0
156867,20170417,   82,    0
156867,20170418,   64,    0
156867,20170419,   89,    0
156867,20170420,  106,    0
156867,20170421,  116,    0
156867,20170422,   84,    0
156867,20170423,   71,    0
156867,20170424,   96,    1
156867,20170425,   46,    0
156867,20170426,   69,    0
156867,20170427,   85,    0
156867,20170428,   84,    0
156867,20170429,  109,    0
156867,20170430,  124,    0
156867,20170501,  139,    0
156867,20170502,  122,    0
156867,20170503,  115,    0
156867,20170504,  124,    0
156867,20170505,  118,    0
156867,20170506,  106,    0
156867,20170507,  112,    0
156867,20170508,  106,    0
156867,20170509,   75,    0
156867,20170510,   98,    0
156867,20170511,  129,    0
156867,20170512,  148,    0
156867,20170513,  141,    0
156867,20170514,  134,    0
156867,20170515,  132,    0
156867,20170516,  148,    1
156867,20170517,  120,    0
156867,20170518,  115,    0
156867,20170519,  111,    0
156867,20170520,  113,    0
156867,20170521,  138,    0
156867,20170522,  172,    0
156867,20170523,  148,    0
156867,20170524,  152,    0
156867,20170525,  189,    0
156867,20170526,  216,    0
156867,20170527,  218,    1
156867,20170528,  148,    0
156867,20170529,  147,    0
156867,20170530,  148,    0
156867,20170531,  153,    0
156867,20170601,  178,    1
156867,20170602,  151,    0
156867,20170603,  137,    0
156867,20170604,  143,    0
156867,20170605,  128,    0
156867,20170606,  121,    0
156867,20170607,  132,    0
156867,20170608,  149,    0
156867,20170609,  151,    0
156867,20170610,  158,    0
156867,20170611,  159,    0
156867,20170612,  150,    0
156867,20170613,  158,    0
156867,20170614,  187,    1
156867,20170615,  155,    0
156867,20170616,  157,    0
156867,20170617,  178,    0
156867,20170618,  169,    0
156867,20170619,  186,    0
156867,20170620,  192,    0
156867,20170621,  214,    1
156867,20170622,  165,    0
156867,20170623,  157,    0
156867,20170624,  159,    0
156867,20170625,  143,    0
156867,20170626,  147,    0
156867,20170627,  146,    1
156867,20170628,  131,    0
156867,20170629,  132,    0
156867,20170630,  161,    0
156867,20170701,  153,    0
156867,20170702,  152,    0
156867,20170703,  156,    0
156867,20170704,  141,    0
156867,20170705,  174,    0
156867,20170706,  186,    1
156867,20170707,  164,    0
156867,20170708,  153,    0
156867,20170709,  161,    0
156867,20170710,  158,    0
156867,20170711,  144,    0
156867,20170712,  149,    0
156867,20170713,  155,    0
156867,20170714,  151,    0
156867,20170715,  169,    0
156867,20170716,  166,    0
156867,20170717,  188,    0
156867,20170718,  186,    0
156867,20170719,  194,    1
156867,20170720,  155,    0
156867,20170721,  164,    0
156867,20170722,  158,    0
156867,20170723,  154,    0
156867,20170724,  181,    0
156867,20170725,  156,    0
156867,20170726,  171,    0
156867,20170727,  158,    0
156867,20170728,  165,    0
156867,20170729,  175,    0
156867,20170730,  161,    0
156867,20170731,  161,    0
156867,20170801,  156,    0
156867,20170802,  172,    0
156867,20170803,  161,    0
156867,20170804,  161,    0
156867,20170805,  144,    0
156867,20170806,  162,    0
156867,20170807,  155,    0
156867,20170808,  139,    0
156867,20170809,  164,    0
156867,20170810,  136,    0
156867,20170811,  148,    0
156867,20170812,  160,    0
156867,20170813,  137,    0
156867,20170814,  164,    0
156867,20170815,  161,    0
156867,20170816,  161,    0
156867,20170817,  176,    0
156867,20170818,  158,    0
156867,20170819,  157,    0
156867,20170820,  152,    0
156867,20170821,  152,    0
156867,20170822,  201,    1
156867,20170823,  179,    0
156867,20170824,  169,    0
156867,20170825,  166,    0
156867,20170826,  166,    0
156867,20170827,  166,    0
156867,20170828,  179,    1
156867,20170829,  153,    0
156867,20170830,  146,    0
156867,20170831,  141,    0
156867,20170901,  127,    0
156867,20170902,  131,    0
156867,20170903,  150,    0
156867,20170904,  175,    1
156867,20170905,  153,    0
156867,20170906,  146,    0
156867,20170907,  141,    0
156867,20170908,  150,    0
156867,20170909,  150,    0
156867,20170910,  134,    0
156867,20170911,  138,    0
156867,20170912,  137,    0
156867,20170913,  126,    0
156867,20170914,  131,    0
156867,20170915,  128,    0
156867,20170916,  123,    0
156867,20170917,  134,    0
156867,20170918,  122,    0
156867,20170919,  106,    0
156867,20170920,  141,    0
156867,20170921,  143,    0
156867,20170922,  122,    0
156867,20170923,  149,    0
156867,20170924,  170,    1
156867,20170925,  152,    0
156867,20170926,  149,    0
156867,20170927,  158,    0
156867,20170928,  155,    0
156867,20170929,  152,    0
156867,20170930,  127,    0
156867,20171001,  136,    0
156867,20171002,  138,    1
156867,20171003,  119,    0
156867,20171004,  132,    0
156867,20171005,  117,    0
156867,20171006,  103,    0
156867,20171007,  119,    0
156867,20171008,  131,    0
156867,20171009,  139,    0
156867,20171010,  142,    0
156867,20171011,  142,    0
156867,20171012,  141,    0
156867,20171013,  153,    0
156867,20171014,  160,    0
156867,20171015,  150,    0
156867,20171016,  174,    1
156867,20171017,  134,    0
156867,20171018,  114,    0
156867,20171019,  132,    0
156867,20171020,  128,    0
156867,20171021,  122,    0
156867,20171022,  111,    0
156867,20171023,  121,    0
156867,20171024,  132,    0
156867,20171025,  129,    0
156867,20171026,  128,    0
156867,20171027,   90,    0
156867,20171028,  109,    0
156867,20171029,  102,    0
156867,20171030,   69,    0
156867,20171031,   80,    0
156867,20171101,  121,    0
156867,20171102,  108,    0
156867,20171103,   98,    0
156867,20171104,   99,    0
156867,20171105,   77,    0
156867,20171106,   59,    0
156867,20171107,   68,    0
156867,20171108,   62,    0
156867,20171109,   70,    0
156867,20171110,   89,    0
156867,20171111,   77,    0
156867,20171112,   67,    0
156867,20171113,   54,    0
156867,20171114,   68,    0
156867,20171115,   94,    0
156867,20171116,   91,    0
156867,20171117,   78,    0
156867,20171118,   86,    0
156867,20171119,   55,    0
156867,20171120,   60,    0
156867,20171121,  116,    0
156867,20171122,  117,    1
156867,20171123,   75,    0
156867,20171124,   60,    0
156867,20171125,   47,    0
156867,20171126,   65,    0
156867,20171127,   62,    0
156867,20171128,   50,    0
156867,20171129,   45,    1
156867,20171130,   25,    0
156867,20171201,   41,    0
156867,20171202,   58,    0
156867,20171203,   65,    0
156867,20171204,   48,    0
156867,20171205,   70,    0
156867,20171206,   98,    1
156867,20171207,   83,    1
156867,20171208,   29,    0
156867,20171209,   27,    1
156867,20171210,   14,    0
156867,20171211,   -6,    0
156867,20171212,   19,    0
156867,20171213,   23,    0
156867,20171214,   52,    0
156867,20171215,   37,    0
156867,20171216,   21,    0
156867,20171217,   33,    0
156867,20171218,   32,    0
156867,20171219,   49,    0
156867,20171220,   76,    0
156867,20171221,   81,    0
156867,20171222,   81,    0
156867,20171223,   86,    0
156867,20171224,   94,    0
156867,20171225,  106,    1
156867,20171226,   50,    1
156867,20171227,   35,    0
156867,20171228,   26,    0
156867,20171229,   39,    0
156867,20171230,   65,    0
156867,20171231,   63,    0
156867,20180101,   69,    0
156867,20180102,   65,    0
156867,20180103,   64,    0
156867,20180104,   68,    1
156867,20180105,   47,    0
156867,20180106,   39,    0
156867,20180107,   30,    0
156867,20180108,   30,    0
156867,20180109,   42,    0
156867,20180110,   43,    0
156867,20180111,   34,    0
156867,20180112,   50,    0
156867,20180113,   63,    0
156867,20180114,   58,    0
156867,20180115,   56,    1
156867,20180116,   43,    0
156867,20180117,   45,    0
156867,20180118,   35,    0
156867,20180119,   39,    0
156867,20180120,   34,    0
156867,20180121,   30,    0
156867,20180122,   56,    0
156867,20180123,   92,    1
156867,20180124,   80,    1
156867,20180125,   60,    0
156867,20180126,   49,    0
156867,20180127,   62,    0
156867,20180128,   82,    1
156867,20180129,   75,    1
156867,20180130,   55,    0
156867,20180131,   45,    0
156867,20180201,   53,    0
156867,20180202,   58,    1
156867,20180203,   35,    0
156867,20180204,   32,    0
156867,20180205,   20,    0
156867,20180206,   16,    0
156867,20180207,    1,    0
156867,20180208,   25,    0
156867,20180209,   48,    0
156867,20180210,   48,    1
156867,20180211,   36,    0
156867,20180212,   39,    0
156867,20180213,   40,    0
156867,20180214,   36,    0
156867,20180215,   48,    0
156867,20180216,   56,    0
156867,20180217,   60,    0
156867,20180218,   57,    0
156867,20180219,   65,    0
156867,20180220,   71,    0
156867,20180221,   55,    0
156867,20180222,   31,    0
156867,20180223,   26,    0
156867,20180224,   34,    0
156867,20180225,   35,    1
156867,20180226,   16,    0
156867,20180227,   11,    1
156867,20180228,  -21,    0
156867,20180301,  -18,    0
156867,20180302,   -4,    0
156867,20180303,   10,    0
156867,20180304,   30,    0
156867,20180305,   55,    0
156867,20180306,   52,    0
156867,20180307,   67,    0
156867,20180308,   49,    0
156867,20180309,   52,    0
156867,20180310,   86,    0
156867,20180311,   82,    1
156867,20180312,   65,    0
156867,20180313,   68,    0
156867,20180314,   75,    0
156867,20180315,   84,    0
156867,20180316,   78,    1
156867,20180317,   18,    0
156867,20180318,   11,    0
156867,20180319,   35,    0
156867,20180320,   46,    0
156867,20180321,   35,    0
156867,20180322,   62,    0
156867,20180323,   73,    0
156867,20180324,   73,    0
156867,20180325,   51,    0
156867,20180326,   49,    0
156867,20180327,   64,    0
156867,20180328,   66,    0
156867,20180329,   55,    0
156867,20180330,   70,    0
156867,20180331,   64,    0
156867,20180401,   52,    0
156867,20180402,   62,    0
156867,20180403,   80,    0
156867,20180404,   99,    1
156867,20180405,   65,    0
156867,20180406,   98,    1
156867,20180407,   82,    0
156867,20180408,   73,    0
156867,20180409,   88,    0
156867,20180410,   84,    0
156867,20180411,   99,    0
156867,20180412,   95,    0
156867,20180413,   89,    0
156867,20180414,  108,    0
156867,20180415,  124,    0
156867,20180416,  120,    0
156867,20180417,  128,    0
156867,20180418,  162,    1
156867,20180419,  140,    1
156867,20180420,  111,    0
156867,20180421,  122,    0
156867,20180422,  115,    0
156867,20180423,  112,    0
156867,20180424,  107,    0
156867,20180425,  102,    0
156867,20180426,   99,    1
156867,20180427,   80,    0
156867,20180428,   78,    0
156867,20180429,   80,    0
156867,20180430,   83,    0
156867,20180501,   94,    0
156867,20180502,  101,    0
156867,20180503,  101,    0
156867,20180504,  120,    0
156867,20180505,  122,    0
156867,20180506,  138,    0
156867,20180507,  149,    1
156867,20180508,  117,    0
156867,20180509,  111,    0
156867,20180510,  110,    0
156867,20180511,  118,    0
156867,20180512,   97,    0
156867,20180513,  117,    0
156867,20180514,  101,    0
156867,20180515,  132,    0
156867,20180516,  129,    0
156867,20180517,  101,    0
156867,20180518,  102,    0
156867,20180519,  123,    0
156867,20180520,  139,    0
156867,20180521,  149,    0
156867,20180522,  163,    0
156867,20180523,  147,    0
156867,20180524,  169,    0
156867,20180525,  158,    0
156867,20180526,  177,    0
156867,20180527,  194,    0
156867,20180528,  194,    0
156867,20180529,  179,    0
156867,20180530,  158,    0
156867,20180531,  186,    0
156867,20180601,  192,    1
156867,20180602,  162,    0
156867,20180603,  179,    0
156867,20180604,  186,    0
156867,20180605,  149,    0
156867,20180606,  152,    0
156867,20180607,  162,    0
156867,20180608,  161,    0
156867,20180609,  169,    0
156867,20180610,  179,    0
156867,20180611,  172,    0
156867,20180612,  155,    0
156867,20180613,  154,    0
156867,20180614,  158,    0
156867,20180615,  145,    0
156867,20180616,  139,    0
156867,20180617,  146,    0
156867,20180618,  161,    0
156867,20180619,  157,    0
156867,20180620,  156,    0
156867,20180621,  137,    0
156867,20180622,  132,    0
156867,20180623,  141,    0
156867,20180624,  142,    0
156867,20180625,  169,    0
156867,20180626,  205,    0
156867,20180627,  221,    0
156867,20180628,  204,    0
156867,20180629,  214,    0
156867,20180630,  201,    0
156867,20180701,  216,    0
156867,20180702,  209,    0
156867,20180703,  195,    0
156867,20180704,  180,    0
156867,20180705,  169,    0
156867,20180706,  193,    0
156867,20180707,  188,    0
156867,20180708,  196,    0
156867,20180709,  199,    0
156867,20180710,  188,    0
156867,20180711,  179,    0
156867,20180712,  189,    0
156867,20180713,  179,    0
156867,20180714,  174,    0
156867,20180715,  181,    1
156867,20180716,  171,    0
156867,20180717,  165,    0
156867,20180718,  153,    0
156867,20180719,  182,    1
156867,20180720,  142,    0
156867,20180721,  166,    0
156867,20180722,  184,    0
156867,20180723,  204,    0
156867,20180724,  189,    0
156867,20180725,  169,    0
156867,20180726,  201,    0
156867,20180727,  208,    1
156867,20180728,  178,    0
156867,20180729,  169,    0
156867,20180730,  172,    0
156867,20180731,  176,    0
156867,20180801,  180,    0
156867,20180802,  185,    0
156867,20180803,  185,    0
156867,20180804,  181,    0
156867,20180805,  174,    0
156867,20180806,  179,    0
156867,20180807,  163,    0
156867,20180808,  164,    0
156867,20180809,  146,    0
156867,20180810,  152,    0
156867,20180811,  160,    0
156867,20180812,  188,    0
156867,20180813,  182,    0
156867,20180814,  177,    0
156867,20180815,  181,    0
156867,20180816,  162,    0
156867,20180817,  162,    0
156867,20180818,  171,    0
156867,20180819,  174,    0
156867,20180820,  178,    0
156867,20180821,  184,    0
156867,20180822,  177,    1
156867,20180823,  139,    0
156867,20180824,  139,    0
156867,20180825,  141,    0
156867,20180826,  137,    0
156867,20180827,  138,    0
156867,20180828,  162,    0
156867,20180829,  147,    0
156867,20180830,  121,    0
156867,20180831,  162,    0
156867,20180901,  169,    0
156867,20180902,  195,    1
156867,20180903,  161,    0
156867,20180904,  153,    0
156867,20180905,  138,    0
156867,20180906,  145,    0
156867,20180907,  114,    0
156867,20180908,  141,    0
156867,20180909,  156,    0
156867,20180910,  152,    0
156867,20180911,  137,    0
156867,20180912,  144,    0
156867,20180913,  145,    0
156867,20180914,  142,    0
156867,20180915,  143,    0
156867,20180916,  147,    0
156867,20180917,  158,    0
156867,20180918,  167,    0
156867,20180919,  161,    1
156867,20180920,  133,    0
156867,20180921,  110,    0
156867,20180922,  120,    0
156867,20180923,   96,    0
156867,20180924,   98,    0
156867,20180925,  112,    0
156867,20180926,  133,    0
156867,20180927,  158,    1
156867,20180928,  100,    0
156867,20180929,   96,    0
156867,20180930,  111,    0
156867,20181001,   88,    0
156867,20181002,  112,    0
156867,20181003,  133,    0
156867,20181004,  140,    1
156867,20181005,  113,    0
156867,20181006,   98,    0
156867,20181007,   82,    0
156867,20181008,  117,    0
156867,20181009,  152,    0
156867,20181010,  158,    0
156867,20181011,  161,    0
156867,20181012,  141,    0
156867,20181013,  169,    1
156867,20181014,  122,    0
156867,20181015,   91,    0
156867,20181016,  116,    0
156867,20181017,  128,    1
156867,20181018,   75,    0
156867,20181019,   96,    0
156867,20181020,  122,    0
156867,20181021,  128,    1
156867,20181022,   95,    0
156867,20181023,  112,    0
156867,20181024,  117,    0
156867,20181025,  114,    1
156867,20181026,   89,    1
156867,20181027,   62,    0
156867,20181028,   64,    0
156867,20181029,   47,    0
156867,20181030,   52,    0
156867,20181031,   72,    0
156867,20181101,   82,    0
156867,20181102,   76,    0
156867,20181103,   98,    0
156867,20181104,  122,    0
156867,20181105,  107,    0
156867,20181106,  122,    0
156867,20181107,  132,    1
156867,20181108,   93,    0
156867,20181109,  104,    0
156867,20181110,   99,    0
156867,20181111,   97,    0
156867,20181112,  104,    0
156867,20181113,   99,    0
156867,20181114,  114,    0
156867,20181115,  107,    0
156867,20181116,  116,    0
156867,20181117,   94,    0
156867,20181118,   94,    0
156867,20181119,   81,    0
156867,20181120,   70,    1
156867,20181121,   50,    0
156867,20181122,   37,    0
156867,20181123,   45,    0
156867,20181124,   64,    0
156867,20181125,   60,    0
156867,20181126,   55,    0
156867,20181127,   70,    0
156867,20181128,   98,    0
156867,20181129,  116,    1
156867,20181130,   86,    0
156867,20181201,   81,    0
156867,20181202,   97,    1
156867,20181203,   83,    1
156867,20181204,   29,    0
156867,20181205,   48,    0
156867,20181206,   92,    0
156867,20181207,   93,    0
156867,20181208,   87,    1
156867,20181209,   77,    0
156867,20181210,   66,    0
156867,20181211,   72,    0
156867,20181212,   81,    1
156867,20181213,   45,    0
156867,20181214,   25,    0
156867,20181215,   45,    0
156867,20181216,   48,    0
156867,20181217,   77,    0
156867,20181218,   82,    0
156867,20181219,   69,    0
156867,20181220,   72,    0
156867,20181221,   77,    0
156867,20181222,   75,    1
156867,20181223,   68,    1
156867,20181224,   29,    0
156867,20181225,   43,    0
156867,20181226,   70,    0
156867,20181227,   84,    0
156867,20181228,   91,    0
156867,20181229,   91,    0
156867,20181230,   88,    0
156867,20181231,   96,    0
156867,20190101,-9999,    9
156867,20190102,-9999,    9
156867,20190103,-9999,    9
156867,20190104,-9999,    9
156867,20190105,-9999,    9
156867,20190106,-9999,    9
156867,20190107,-9999,    9
156867,20190108,-9999,    9
156867,20190109,-9999,    9
156867,20190110,-9999,    9
156867,20190111,-9999,    9
156867,20190112,-9999,    9
156867,20190113,-9999,    9
156867,20190114,-9999,    9
156867,20190115,-9999,    9
156867,20190116,-9999,    9
156867,20190117,-9999,    9
156867,20190118,-9999,    9
156867,20190119,-9999,    9
156867,20190120,-9999,    9
156867,20190121,-9999,    9
156867,20190122,-9999,    9
156867,20190123,-9999,    9
156867,20190124,-9999,    9
156867,20190125,-9999,    9
156867,20190126,-9999,    9
156867,20190127,-9999,    9
156867,20190128,-9999,    9
156867,20190129,-9999,    9
156867,20190130,-9999,    9
156867,20190131,-9999,    9
156867,20190201,-9999,    9
156867,20190202,-9999,    9
156867,20190203,-9999,    9
156867,20190204,-9999,    9
156867,20190205,-9999,    9
156867,20190206,-9999,    9
156867,20190207,-9999,    9
156867,20190208,-9999,    9
156867,20190209,-9999,    9
156867,20190210,-9999,    9
156867,20190211,-9999,    9
156867,20190212,-9999,    9
156867,20190213,-9999,    9
156867,20190214,-9999,    9
156867,20190215,-9999,    9
156867,20190216,-9999,    9
156867,20190217,-9999,    9
156867,20190218,-9999,    9
156867,20190219,-9999,    9
156867,20190220,-9999,    9
156867,20190221,-9999,    9
156867,20190222,-9999,    9
156867,20190223,-9999,    9
156867,20190224,-9999,    9
156867,20190225,-9999,    9
156867,20190226,-9999,    9
156867,20190227,-9999,    9
156867,20190228,-9999,    9
156867,20190301,-9999,    9
156867,20190302,-9999,    9
156867,20190303,-9999,    9
156867,20190304,-9999,    9
156867,20190305,-9999,    9
156867,20190306,-9999,    9
156867,20190307,-9999,    9
156867,20190308,-9999,    9
156867,20190309,-9999,    9
156867,20190310,-9999,    9
156867,20190311,-9999,    9
156867,20190312,-9999,    9
156867,20190313,-9999,    9
156867,20190314,-9999,    9
156867,20190315,-9999,    9
156867,20190316,-9999,    9
156867,20190317,-9999,    9
156867,20190318,-9999,    9
156867,20190319,-9999,    9
156867,20190320,-9999,    9
156867,20190321,-9999,    9
156867,20190322,-9999,    9
156867,20190323,-9999,    9
156867,20190324,-9999,    9
156867,20190325,-9999,    9
156867,20190326,-9999,    9
156867,20190327,-9999,    9
156867,20190328,-9999,    9
156867,20190329,-9999,    9
156867,20190330,-9999,    9
156867,20190331,-9999,    9
156867,20190401,-9999,    9
156867,20190402,-9999,    9
156867,20190403,-9999,    9
156867,20190404,-9999,    9
156867,20190405,-9999,    9
156867,20190406,-9999,    9
156867,20190407,-9999,    9
156867,20190408,-9999,    9
156867,20190409,-9999,    9
156867,20190410,-9999,    9
156867,20190411,-9999,    9
156867,20190412,-9999,    9
156867,20190413,-9999,    9
156867,20190414,-9999,    9
156867,20190415,-9999,    9
156867,20190416,-9999,    9
156867,20190417,-9999,    9
156867,20190418,-9999,    9
156867,20190419,-9999,    9
156867,20190420,-9999,    9
156867,20190421,-9999,    9
156867,20190422,-9999,    9
156867,20190423,-9999,    9
156867,20190424,-9999,    9
156867,20190425,-9999,    9
156867,20190426,-9999,    9
156867,20190427,-9999,    9
156867,20190428,-9999,    9
156867,20190429,-9999,    9
156867,20190430,-9999,    9
156867,20190501,-9999,    9
156867,20190502,-9999,    9
156867,20190503,-9999,    9
156867,20190504,-9999,    9
156867,20190505,-9999,    9
156867,20190506,-9999,    9
156867,20190507,-9999,    9
156867,20190508,-9999,    9
156867,20190509,-9999,    9
156867,20190510,-9999,    9
156867,20190511,-9999,    9
156867,20190512,-9999,    9
156867,20190513,-9999,    9
156867,20190514,-9999,    9
156867,20190515,-9999,    9
156867,20190516,-9999,    9
156867,20190517,-9999,    9
156867,20190518,-9999,    9
156867,20190519,-9999,    9
156867,20190520,-9999,    9
156867,20190521,-9999,    9
156867,20190522,-9999,    9
156867,20190523,-9999,    9
156867,20190524,-9999,    9
156867,20190525,-9999,    9
156867,20190526,-9999,    9
156867,20190527,-9999,    9
156867,20190528,-9999,    9
156867,20190529,-9999,    9
156867,20190530,-9999,    9
156867,20190531,-9999,    9
156867,20190601,-9999,    9
156867,20190602,-9999,    9
156867,20190603,-9999,    9
156867,20190604,-9999,    9
156867,20190605,-9999,    9
156867,20190606,-9999,    9
156867,20190607,-9999,    9
156867,20190608,-9999,    9
156867,20190609,-9999,    9
156867,20190610,-9999,    9
156867,20190611,-9999,    9
156867,20190612,-9999,    9
156867,20190613,-9999,    9
156867,20190614,-9999,    9
156867,20190615,-9999,    9
156867,20190616,-9999,    9
156867,20190617,-9999,    9
156867,20190618,-9999,    9
156867,20190619,-9999,    9
156867,20190620,-9999,    9
156867,20190621,-9999,    9
156867,20190622,-9999,    9
156867,20190623,-9999,    9
156867,20190624,-9999,    9
156867,20190625,-9999,    9
156867,20190626,-9999,    9
156867,20190627,-9999,    9
156867,20190628,-9999,    9
156867,20190629,-9999,    9
156867,20190630,-9999,    9
156867,20190701,-9999,    9
156867,20190702,-9999,    9
156867,20190703,-9999,    9
156867,20190704,-9999,    9
156867,20190705,-9999,    9
156867,20190706,-9999,    9
156867,20190707,-9999,    9
156867,20190708,-9999,    9
156867,20190709,-9999,    9
156867,20190710,-9999,    9
156867,20190711,-9999,    9
156867,20190712,-9999,    9
156867,20190713,-9999,    9
156867,20190714,-9999,    9
156867,20190715,-9999,    9
156867,20190716,-9999,    9
156867,20190717,-9999,    9
156867,20190718,-9999,    9
156867,20190719,-9999,    9
156867,20190720,-9999,    9
156867,20190721,-9999,    9
156867,20190722,-9999,    9
156867,20190723,-9999,    9
156867,20190724,-9999,    9
156867,20190725,-9999,    9
156867,20190726,-9999,    9
156867,20190727,-9999,    9
156867,20190728,-9999,    9
156867,20190729,-9999,    9
156867,20190730,-9999,    9
156867,20190731,-9999,    9
156867,20190801,-9999,    9
156867,20190802,-9999,    9
156867,20190803,-9999,    9
156867,20190804,-9999,    9
156867,20190805,-9999,    9
156867,20190806,-9999,    9
156867,20190807,-9999,    9
156867,20190808,-9999,    9
156867,20190809,-9999,    9
156867,20190810,-9999,    9
156867,20190811,-9999,    9
156867,20190812,-9999,    9
156867,20190813,-9999,    9
156867,20190814,-9999,    9
156867,20190815,-9999,    9
156867,20190816,-9999,    9
156867,20190817,-9999,    9
156867,20190818,-9999,    9
156867,20190819,-9999,    9
156867,20190820,-9999,    9
156867,20190821,-9999,    9
156867,20190822,-9999,    9
156867,20190823,-9999,    9
156867,20190824,-9999,    9
156867,20190825,-9999,    9
156867,20190826,-9999,    9
156867,20190827,-9999,    9
156867,20190828,-9999,    9
156867,20190829,-9999,    9
156867,20190830,-9999,    9
156867,20190831,-9999,    9
156867,20190901,-9999,    9
156867,20190902,-9999,    9
156867,20190903,-9999,    9
156867,20190904,-9999,    9
156867,20190905,-9999,    9
156867,20190906,-9999,    9
156867,20190907,-9999,    9
156867,20190908,-9999,    9
156867,20190909,-9999,    9
156867,20190910,-9999,    9
156867,20190911,-9999,    9
156867,20190912,-9999,    9
156867,20190913,-9999,    9
156867,20190914,-9999,    9
156867,20190915,-9999,    9
156867,20190916,-9999,    9
156867,20190917,-9999,    9
156867,20190918,-9999,    9
156867,20190919,-9999,    9
156867,20190920,-9999,    9
156867,20190921,-9999,    9
156867,20190922,-9999,    9
156867,20190923,-9999,    9
156867,20190924,-9999,    9
156867,20190925,-9999,    9
156867,20190926,-9999,    9
156867,20190927,-9999,    9
156867,20190928,-9999,    9
156867,20190929,-9999,    9
156867,20190930,-9999,    9
156867,20191001,-9999,    9
156867,20191002,-9999,    9
156867,20191003,-9999,    9
156867,20191004,-9999,    9
156867,20191005,-9999,    9
156867,20191006,-9999,    9
156867,20191007,-9999,    9
156867,20191008,-9999,    9
156867,20191009,-9999,    9
156867,20191010,-9999,    9
156867,20191011,-9999,    9
156867,20191012,-9999,    9
156867,20191013,-9999,    9
156867,20191014,-9999,    9
156867,20191015,-9999,    9
156867,20191016,-9999,    9
156867,20191017,-9999,    9
156867,20191018,-9999,    9
156867,20191019,-9999,    9
156867,20191020,-9999,    9
156867,20191021,-9999,    9
156867,20191022,-9999,    9
156867,20191023,-9999,    9
156867,20191024,-9999,    9
156867,20191025,-9999,    9
156867,20191026,-9999,    9
156867,20191027,-9999,    9
156867,20191028,-9999,    9
156867,20191029,-9999,    9
156867,20191030,-9999,    9
156867,20191031,-9999,    9
156867,20191101,-9999,    9
156867,20191102,-9999,    9
156867,20191103,-9999,    9
156867,20191104,-9999,    9
156867,20191105,-9999,    9
156867,20191106,-9999,    9
156867,20191107,-9999,    9
156867,20191108,-9999,    9
156867,20191109,-9999,    9
156867,20191110,-9999,    9
156867,20191111,-9999,    9
156867,20191112,-9999,    9
156867,20191113,-9999,    9
156867,20191114,-9999,    9
156867,20191115,-9999,    9
156867,20191116,-9999,    9
156867,20191117,-9999,    9
156867,20191118,-9999,    9
156867,20191119,-9999,    9
156867,20191120,-9999,    9
156867,20191121,-9999,    9
156867,20191122,-9999,    9
156867,20191123,-9999,    9
156867,20191124,-9999,    9
156867,20191125,-9999,    9
156867,20191126,-9999,    9
156867,20191127,-9999,    9
156867,20191128,-9999,    9
156867,20191129,-9999,    9
156867,20191130,-9999,    9
156867,20191201,-9999,    9
156867,20191202,-9999,    9
156867,20191203,-9999,    9
156867,20191204,-9999,    9
156867,20191205,-9999,    9
156867,20191206,-9999,    9
156867,20191207,-9999,    9
156867,20191208,-9999,    9
156867,20191209,-9999,    9
156867,20191210,-9999,    9
156867,20191211,-9999,    9
156867,20191212,-9999,    9
156867,20191213,-9999,    9
156867,20191214,-9999,    9
156867,20191215,-9999,    9
156867,20191216,-9999,    9
156867,20191217,-9999,    9
156867,20191218,-9999,    9
156867,20191219,-9999,    9
156867,20191220,-9999,    9
156867,20191221,-9999,    9
156867,20191222,-9999,    9
156867,20191223,-9999,    9
156867,20191224,-9999,    9
156867,20191225,-9999,    9
156867,20191226,-9999,    9
156867,20191227,-9999,    9
156867,20191228,-9999,    9
156867,20191229,-9999,    9
156867,20191230,-9999,    9
156867,20191231,-9999,    9
156867,20200101,-9999,    9
156867,20200102,-9999,    9
156867,20200103,-9999,    9
156867,20200104,-9999,    9
156867,20200105,-9999,    9
156867,20200106,-9999,    9
156867,20200107,-9999,    9
156867,20200108,-9999,    9
156867,20200109,-9999,    9
156867,20200110,-9999,    9
156867,20200111,-9999,    9
156867,20200112,-9999,    9
156867,20200113,-9999,    9
156867,20200114,-9999,    9
156867,20200115,-9999,    9
156867,20200116,-9999,    9
156867,20200117,-9999,    9
156867,20200118,-9999,    9
156867,20200119,-9999,    9
156867,20200120,-9999,    9
156867,20200121,-9999,    9
156867,20200122,-9999,    9
156867,20200123,-9999,    9
156867,20200124,-9999,    9
156867,20200125,-9999,    9
156867,20200126,-9999,    9
156867,20200127,-9999,    9
156867,20200128,-9999,    9
156867,20200129,-9999,    9
156867,20200130,-9999,    9
156867,20200131,-9999,    9
156867,20200201,-9999,    9
156867,20200202,-9999,    9
156867,20200203,-9999,    9
156867,20200204,-9999,    9
156867,20200205,-9999,    9
156867,20200206,-9999,    9
156867,20200207,-9999,    9
156867,20200208,-9999,    9
156867,20200209,-9999,    9
156867,20200210,-9999,    9
156867,20200211,-9999,    9
156867,20200212,-9999,    9
156867,20200213,-9999,    9
156867,20200214,-9999,    9
156867,20200215,-9999,    9
156867,20200216,-9999,    9
156867,20200217,-9999,    9
156867,20200218,-9999,    9
156867,20200219,-9999,    9
156867,20200220,-9999,    9
156867,20200221,-9999,    9
156867,20200222,-9999,    9
156867,20200223,-9999,    9
156867,20200224,-9999,    9
156867,20200225,-9999,    9
156867,20200226,-9999,    9
156867,20200227,-9999,    9
156867,20200228,-9999,    9
156867,20200229,-9999,    9
156867,20200301,-9999,    9
156867,20200302,-9999,    9
156867,20200303,-9999,    9
156867,20200304,-9999,    9
156867,20200305,-9999,    9
156867,20200306,-9999,    9
156867,20200307,-9999,    9
156867,20200308,-9999,    9
156867,20200309,-9999,    9
156867,20200310,-9999,    9
156867,20200311,-9999,    9
156867,20200312,-9999,    9
156867,20200313,-9999,    9
156867,20200314,-9999,    9
156867,20200315,-9999,    9
156867,20200316,-9999,    9
156867,20200317,-9999,    9
156867,20200318,-9999,    9
156867,20200319,-9999,    9
156867,20200320,-9999,    9
156867,20200321,-9999,    9
156867,20200322,-9999,    9
156867,20200323,-9999,    9
156867,20200324,-9999,    9
156867,20200325,-9999,    9
156867,20200326,-9999,    9
156867,20200327,-9999,    9
156867,20200328,-9999,    9
156867,20200329,-9999,    9
156867,20200330,-9999,    9
156867,20200331,-9999,    9
156867,20200401,-9999,    9
156867,20200402,-9999,    9
156867,20200403,-9999,    9
156867,20200404,-9999,    9
156867,20200405,-9999,    9
156867,20200406,-9999,    9
156867,20200407,-9999,    9
156867,20200408,-9999,    9
156867,20200409,-9999,    9
156867,20200410,-9999,    9
156867,20200411,-9999,    9
156867,20200412,-9999,    9
156867,20200413,-9999,    9
156867,20200414,-9999,    9
156867,20200415,-9999,    9
156867,20200416,-9999,    9
156867,20200417,-9999,    9
156867,20200418,-9999,    9
156867,20200419,-9999,    9
156867,20200420,-9999,    9
156867,20200421,-9999,    9
156867,20200422,-9999,    9
156867,20200423,-9999,    9
156867,20200424,-9999,    9
156867,20200425,-9999,    9
156867,20200426,-9999,    9
156867,20200427,-9999,    9
156867,20200428,-9999,    9
156867,20200429,-9999,    9
156867,20200430,-9999,    9
156867,20200501,-9999,    9
156867,20200502,-9999,    9
156867,20200503,-9999,    9
156867,20200504,-9999,    9
156867,20200505,-9999,    9
156867,20200506,-9999,    9
156867,20200507,-9999,    9
156867,20200508,-9999,    9
156867,20200509,-9999,    9
156867,20200510,-9999,    9
156867,20200511,-9999,    9
156867,20200512,-9999,    9
156867,20200513,-9999,    9
156867,20200514,-9999,    9
156867,20200515,-9999,    9
156867,20200516,-9999,    9
156867,20200517,-9999,    9
156867,20200518,-9999,    9
156867,20200519,-9999,    9
156867,20200520,-9999,    9
156867,20200521,-9999,    9
156867,20200522,-9999,    9
156867,20200523,-9999,    9
156867,20200524,-9999,    9
156867,20200525,-9999,    9
156867,20200526,-9999,    9
156867,20200527,-9999,    9
156867,20200528,-9999,    9
156867,20200529,-9999,    9
156867,20200530,-9999,    9
156867,20200531,-9999,    9
156867,20200601,-9999,    9
156867,20200602,-9999,    9
156867,20200603,-9999,    9
156867,20200604,-9999,    9
156867,20200605,-9999,    9
156867,20200606,-9999,    9
156867,20200607,-9999,    9
156867,20200608,-9999,    9
156867,20200609,-9999,    9
156867,20200610,-9999,    9
156867,20200611,-9999,    9
156867,20200612,-9999,    9
156867,20200613,-9999,    9
156867,20200614,-9999,    9
156867,20200615,-9999,    9
156867,20200616,-9999,    9
156867,20200617,-9999,    9
156867,20200618,-9999,    9
156867,20200619,-9999,    9
156867,20200620,-9999,    9
156867,20200621,-9999,    9
156867,20200622,-9999,    9
156867,20200623,-9999,    9
156867,20200624,-9999,    9
156867,20200625,-9999,    9
156867,20200626,-9999,    9
156867,20200627,-9999,    9
156867,20200628,-9999,    9
156867,20200629,-9999,    9
156867,20200630,-9999,    9
